 AA AC AG AU CA CC CG CU GA GC GG GU UA UC UG UU NN
AA -1.174017 -8.519549 -9.160408 -8.470792 -999.0 -999.0 -11.841078 -13.070674 -8.576486 -8.86872 -10.231475 -12.238913 -9.268194 -999.0 -11.209462 -999.0 -999.0
AC -8.519549 0.10035 -10.234569 -5.729054 -14.509442 -9.202793 -11.863813 -999.0 -999.0 -2.482316 -11.66051 -9.104708 -12.408395 -8.886889 -11.619964 -12.597339 -999.0
AG -9.160408 -10.234569 -0.918478 -8.474128 -12.133941 -999.0 -6.839179 -999.0 -10.234536 -10.51037 -9.549108 -12.704102 -8.761526 -11.982534 -8.736254 -13.986278 -999.0
AU -8.470792 -5.729054 -8.474128 4.937545 -10.920534 -12.304587 -3.911 -7.306265 -13.917566 -1.849683 -9.461797 -2.31174 -3.765782 -9.022621 -6.270983 -6.641587 -999.0
CA -999.0 -14.509442 -12.133941 -10.920534 -1.521677 -9.973973 -4.958769 -12.91101 -13.494271 -11.223546 -10.066501 -13.204926 -5.661619 -10.036107 -9.675844 -12.334305 -999.0
CC -999.0 -9.202793 -999.0 -12.304587 -9.973973 0.440424 -6.123599 -5.549119 -12.643694 -3.388243 -14.745023 -10.733704 -9.817975 -9.822566 -11.387301 -999.0 -999.0
CG -11.841078 -11.863813 -6.839179 -3.911 -4.958769 -6.123599 6.579534 -6.128046 -9.666047 -2.601524 -6.22238 -4.818916 -1.862382 -9.431756 -1.123909 -8.910807 -999.0
CU -13.070674 -999.0 -999.0 -7.306265 -12.91101 -5.549119 -6.128046 -1.077799 -12.204926 -6.374344 -13.509103 -7.896493 -9.777592 -9.761482 -9.356568 -8.802508 -999.0
GA -8.576486 -999.0 -10.234536 -13.917566 -13.494271 -12.643694 -9.666047 -12.204926 -0.837481 -7.009857 -10.112044 -7.339886 -7.121093 -999.0 -11.670048 -999.0 -999.0
GC -8.86872 -2.482316 -10.51037 -1.849683 -11.223546 -3.388243 -2.601524 -6.374344 -7.009857 6.69394 -3.503482 -1.137849 -4.270325 -5.368607 -4.738421 -8.501243 -999.0
GG -10.231475 -11.66051 -9.549108 -9.461797 -10.066501 -14.745023 -6.22238 -13.509103 -10.112044 -3.503482 -0.619697 -6.742871 -16.018896 -999.0 -6.296374 -15.070336 -999.0
GU -12.238913 -9.104708 -12.704102 -2.31174 -13.204926 -10.733704 -4.818916 -7.896493 -7.339886 -1.137849 -6.742871 3.886428 -6.524925 -10.938042 -6.740344 -8.322952 -999.0
UA -9.268194 -12.408395 -8.761526 -3.765782 -5.661619 -9.817975 -1.862382 -9.777592 -7.121093 -4.270325 -16.018896 -6.524925 5.043223 -5.551316 -2.830494 -6.205306 -999.0
UC -999.0 -8.886889 -11.982534 -9.022621 -10.036107 -9.822566 -9.431756 -9.761482 -999.0 -5.368607 -999.0 -10.938042 -5.551316 -0.258326 -6.05039 -6.40612 -999.0
UG -11.209462 -11.619964 -8.736254 -6.270983 -9.675844 -11.387301 -1.123909 -9.356568 -11.670048 -4.738421 -6.296374 -6.740344 -2.830494 -6.05039 3.802705 -8.516906 -999.0
UU -999.0 -12.597339 -13.986278 -6.641587 -12.334305 -999.0 -8.910807 -8.802508 -999.0 -8.501243 -15.070336 -8.322952 -6.205306 -6.40612 -8.516906 0.163736 -999.0
NN -999.0 -999.0 -999.0 -999.0 -999.0 -999.0 -999.0 -999.0 -999.0 -999.0 -999.0 -999.0 -999.0 -999.0 -999.0 -999.0 -999.0
