 AA AC AG AU CA CC CG CU GA GC GG GU UA UC UG UU NN
AA -2.007571 -4.279027 -9.214215 -4.7812 -10.084665 -12.341303 -4.321893 -11.701476 -7.291039 -5.212765 -10.666255 -4.549229 -4.275525 -11.992371 -6.749579 -9.275613 -15.21268
AC -4.279027 -1.08109 -9.869002 -1.966406 -10.141244 -8.956717 -5.536086 -8.662709 -9.08099 -3.553387 -11.601402 -4.95573 -5.359939 -8.653977 -7.671875 -6.751122 -15.21268
AG -9.214215 -9.869002 -1.337611 -4.141394 -11.002699 -15.21268 -3.334947 -10.121201 -7.042875 -5.166429 -4.148836 -7.266465 -3.941968 -9.497421 -5.905659 -10.898354 -15.21268
AU -4.7812 -1.966406 -4.141394 4.36025 -5.407297 -3.478397 1.797617 -4.716916 -3.578882 2.993148 -5.115836 0.853858 1.763156 -4.35048 -0.421213 -2.819725 -15.21268
CA -10.084665 -10.141244 -11.002699 -5.407297 -5.231997 -6.935378 -2.824194 -8.312836 -8.522067 -4.738341 -9.345678 -5.858684 -2.323822 -7.84105 -5.78454 -8.624878 -15.21268
CC -12.341303 -8.956717 -15.21268 -3.478397 -6.935378 -2.156963 -3.389135 -3.86652 -11.531574 -2.493476 -10.212954 -5.616616 -3.277646 -7.317628 -4.290283 -3.206122 -15.21268
CG -4.321893 -5.536086 -3.334947 1.797617 -2.824194 -3.389135 5.437637 -4.763784 -5.68405 2.21846 -4.355069 -0.267761 2.915634 -4.579596 1.337672 -3.607246 -15.21268
CU -11.701476 -8.662709 -10.121201 -4.716916 -8.312836 -3.86652 -4.763784 -2.358467 -7.843881 -4.648589 -12.363068 -4.884535 -3.049035 -4.989988 -4.855726 -5.21397 -15.21268
GA -7.291039 -9.08099 -7.042875 -3.578882 -8.522067 -11.531574 -5.68405 -7.843881 -1.493378 -2.986884 -9.497695 -4.780333 -5.111163 -7.576469 -8.265296 -11.690949 -15.21268
GC -5.212765 -3.553387 -5.166429 2.993148 -4.738341 -2.493476 2.21846 -4.648589 -2.986884 5.688195 -3.31187 1.538408 1.792883 -4.257973 -0.097123 -2.716237 -15.21268
GG -10.666255 -11.601402 -4.148836 -5.115836 -9.345678 -10.212954 -4.355069 -12.363068 -9.497695 -3.31187 -2.498666 -4.514152 -4.680953 -11.007341 -3.984145 -11.306022 -15.21268
GU -4.549229 -4.95573 -7.266465 0.853858 -5.858684 -5.616616 -0.267761 -4.884535 -4.780333 1.538408 -4.514152 3.24486 -0.394219 -5.36095 -2.264831 -4.11215 -15.21268
UA -4.275525 -5.359939 -3.941968 1.763156 -2.323822 -3.277646 2.915634 -3.049035 -5.111163 1.792883 -4.680953 -0.394219 4.707654 -3.207073 1.153348 -2.660843 -15.21268
UC -11.992371 -8.653977 -9.497421 -4.35048 -7.84105 -7.317628 -4.579596 -4.989988 -7.576469 -4.257973 -11.007341 -5.36095 -3.207073 -4.376989 -3.207787 -5.770409 -15.21268
UG -6.749579 -7.671875 -5.905659 -0.421213 -5.78454 -4.290283 1.337672 -4.855726 -8.265296 -0.097123 -3.984145 -2.264831 1.153348 -3.207787 3.196861 -3.733438 -15.21268
UU -9.275613 -6.751122 -10.898354 -2.819725 -8.624878 -3.206122 -3.607246 -5.21397 -11.690949 -2.716237 -11.306022 -4.11215 -2.660843 -5.770409 -3.733438 -0.878331 -15.21268
NN -15.21268 -15.21268 -15.21268 -15.21268 -15.21268 -15.21268 -15.21268 -15.21268 -15.21268 -15.21268 -15.21268 -15.21268 -15.21268 -15.21268 -15.21268 -15.21268 -15.21268
