 AA AC AG AU CA CC CG CU GA GC GG GU UA UC UG UU NN
AA -1.366719 -4.638793 -8.458597 -4.821006 -9.632666 -12.767947 -4.649111 -11.344662 -6.471394 -4.882354 -10.031923 -5.068486 -4.152598 -12.102975 -6.497374 -8.405678 -14.662372
AC -4.638793 -1.037624 -9.309151 -1.892197 -9.802161 -8.698772 -5.489164 -10.058935 -9.703515 -3.613976 -11.929589 -5.089558 -5.627333 -8.27605 -7.363716 -6.903354 -14.662372
AG -8.458597 -9.309151 -0.879427 -4.807122 -10.818914 -14.662372 -4.442553 -9.394159 -7.415271 -6.094423 -4.614245 -6.990253 -5.799732 -8.770415 -5.750816 -10.6051 -14.662372
AU -4.821006 -1.892197 -4.807122 4.650782 -5.670163 -4.230296 1.518384 -5.338013 -4.087108 2.629499 -5.402711 0.554352 1.354408 -4.924832 -0.733811 -2.622257 -14.662372
CA -9.632666 -9.802161 -10.818914 -5.670163 -4.984751 -6.989025 -2.934323 -7.889743 -8.46139 -5.244591 -9.570164 -6.320291 -2.329532 -7.598158 -5.656412 -8.057276 -14.662372
CC -12.767947 -8.698772 -14.662372 -4.230296 -6.989025 -2.061579 -4.015479 -4.263496 -11.730022 -3.095516 -10.460179 -6.88006 -4.016492 -7.833858 -5.212883 -3.656236 -14.662372
CG -4.649111 -5.489164 -4.442553 1.518384 -2.934323 -4.015479 5.433742 -4.684164 -6.587217 1.931328 -4.355177 -0.473318 2.534382 -4.57319 1.20714 -3.55313 -14.662372
CU -11.344662 -10.058935 -9.394159 -5.338013 -7.889743 -4.263496 -4.684164 -1.664363 -7.120476 -5.665287 -12.800984 -5.744211 -3.987436 -4.327059 -5.518678 -4.504214 -14.662372
GA -6.471394 -9.703515 -7.415271 -4.087108 -8.46139 -11.730022 -6.587217 -7.120476 -0.963024 -3.747725 -9.353568 -6.184019 -5.698615 -6.889591 -7.864726 -11.666964 -14.662372
GC -4.882354 -3.613976 -6.094423 2.629499 -5.244591 -3.095516 1.931328 -5.665287 -3.747725 5.634987 -3.882933 1.278603 1.311722 -4.420097 -0.262148 -3.100577 -14.662372
GG -10.031923 -11.929589 -4.614245 -5.402711 -9.570164 -10.460179 -4.355177 -12.800984 -9.353568 -3.882933 -2.285524 -5.427375 -5.141254 -11.164161 -4.104632 -11.613209 -14.662372
GU -5.068486 -5.089558 -6.990253 0.554352 -6.320291 -6.88006 -0.473318 -5.744211 -6.184019 1.278603 -5.427375 3.460403 -0.787726 -5.096478 -2.161683 -4.243301 -14.662372
UA -4.152598 -5.627333 -5.799732 1.354408 -2.329532 -4.016492 2.534382 -3.987436 -5.698615 1.311722 -5.141254 -0.787726 4.979184 -3.1397 1.011131 -3.341702 -14.662372
UC -12.102975 -8.27605 -8.770415 -4.924832 -7.598158 -7.833858 -4.57319 -4.327059 -6.889591 -4.420097 -11.164161 -5.096478 -3.1397 -3.690066 -5.323838 -5.030279 -14.662372
UG -6.497374 -7.363716 -5.750816 -0.733811 -5.656412 -5.212883 1.20714 -5.518678 -7.864726 -0.262148 -4.104632 -2.161683 1.011131 -5.323838 3.403361 -4.092637 -14.662372
UU -8.405678 -6.903354 -10.6051 -2.622257 -8.057276 -3.656236 -3.55313 -4.504214 -11.666964 -3.100577 -11.613209 -4.243301 -3.341702 -5.030279 -4.092637 -0.234044 -14.662372
NN -14.662372 -14.662372 -14.662372 -14.662372 -14.662372 -14.662372 -14.662372 -14.662372 -14.662372 -14.662372 -14.662372 -14.662372 -14.662372 -14.662372 -14.662372 -14.662372 -14.662372
