 AA AC AG AU CA CC CG CU GA GC GG GU UA UC UG UU NN
AA -2.602836 -8.469565 -8.821086 -5.074235 -10.055606 -13.45174 -3.871153 -12.103943 -6.624318 -5.224986 -9.691479 -6.496019 -2.485541 -12.262023 -3.544942 -8.865153 -15.137108
AC -8.469565 -1.853251 -9.594263 -1.653292 -10.552404 -8.854678 -5.438665 -10.681846 -7.169892 -2.696159 -10.383846 -4.924115 -5.603296 -8.877155 -7.165704 -8.383852 -15.137108
AG -8.821086 -9.594263 -1.326721 -6.067736 -10.646617 -15.137108 -2.572538 -9.35681 -9.390254 -6.291856 -4.223659 -7.125249 -2.825868 -8.010557 -5.828944 -9.760424 -15.137108
AU -5.074235 -1.653292 -6.067736 4.254784 -5.777001 -2.373916 2.029397 -4.177615 -3.790805 2.875561 -4.929646 0.74519 1.878789 -4.53951 -0.394783 -2.453624 -15.137108
CA -10.055606 -10.552404 -10.646617 -5.777001 -6.204804 -11.694347 -3.240895 -8.324788 -7.764081 -5.397047 -11.479854 -6.201035 -2.906682 -8.029588 -6.205693 -8.848881 -15.137108
CC -13.45174 -8.854678 -15.137108 -2.373916 -11.694347 -3.457774 -5.068367 -6.862686 -12.896165 -3.755178 -12.064983 -7.102942 -6.466914 -8.947167 -8.303746 -6.640225 -15.137108
CG -3.871153 -5.438665 -2.572538 2.029397 -3.240895 -5.068367 5.220945 -4.387101 -6.02949 2.799648 -4.708946 0.250418 2.925681 -4.345284 1.188952 -3.007572 -15.137108
CU -12.103943 -10.681846 -9.35681 -4.177615 -8.324788 -6.862686 -4.387101 -2.5591 -7.14089 -2.204872 -9.136109 -4.40974 -4.325743 -4.668449 -6.469926 -5.427341 -15.137108
GA -6.624318 -7.169892 -9.390254 -3.790805 -7.764081 -12.896165 -6.02949 -7.14089 -1.623033 -2.57012 -9.907042 -6.188825 -4.867918 -6.980093 -7.672468 -10.14418 -15.137108
GC -5.224986 -2.696159 -6.291856 2.875561 -5.397047 -3.755178 2.799648 -2.204872 -2.57012 5.487917 -4.775327 1.424391 1.887915 -4.161989 0.327214 -3.033892 -15.137108
GG -9.691479 -10.383846 -4.223659 -4.929646 -11.479854 -12.064983 -4.708946 -9.136109 -9.907042 -4.775327 -2.306269 -5.534278 -6.320834 -10.56844 -4.341664 -5.019003 -15.137108
GU -6.496019 -4.924115 -7.125249 0.74519 -6.201035 -7.102942 0.250418 -4.40974 -6.188825 1.424391 -5.534278 3.321054 0.062652 -4.611037 -1.260632 -2.573382 -15.137108
UA -2.485541 -5.603296 -2.825868 1.878789 -2.906682 -6.466914 2.925681 -4.325743 -4.867918 1.887915 -6.320834 0.062652 4.725481 -3.528521 1.044421 -1.579161 -15.137108
UC -12.262023 -8.877155 -8.010557 -4.53951 -8.029588 -8.947167 -4.345284 -4.668449 -6.980093 -4.161989 -10.56844 -4.611037 -3.528521 -4.137353 -4.198705 -5.902582 -15.137108
UG -3.544942 -7.165704 -5.828944 -0.394783 -6.205693 -8.303746 1.188952 -6.469926 -7.672468 0.327214 -4.341664 -1.260632 1.044421 -4.198705 3.190287 -3.642957 -15.137108
UU -8.865153 -8.383852 -9.760424 -2.453624 -8.848881 -6.640225 -3.007572 -5.427341 -10.14418 -3.033892 -5.019003 -2.573382 -1.579161 -5.902582 -3.642957 -0.712879 -15.137108
NN -15.137108 -15.137108 -15.137108 -15.137108 -15.137108 -15.137108 -15.137108 -15.137108 -15.137108 -15.137108 -15.137108 -15.137108 -15.137108 -15.137108 -15.137108 -15.137108 -15.137108
