 AA AC AG AU CA CC CG CU GA GC GG GU UA UC UG UU NN
AA -0.618052 -8.571946 -7.889539 -5.322935 -10.048095 -14.739071 -6.703356 -12.574779 -5.428846 -5.342841 -9.572656 -7.313611 -5.514999 -12.945617 -7.585634 -9.311619 -14.739071
AC -8.571946 -0.360065 -9.152339 -3.732492 -10.990878 -8.402967 -6.614615 -11.494926 -11.306983 -4.20314 -12.080551 -6.564524 -7.536226 -8.955324 -9.34447 -9.086037 -14.739071
AG -7.889539 -9.152339 -0.415424 -6.815598 -11.066932 -13.462013 -5.812834 -12.229923 -8.047341 -7.82369 -6.61449 -6.701002 -7.85228 -11.920819 -6.162545 -10.518439 -14.739071
AU -5.322935 -3.732492 -6.815598 5.121701 -8.004316 -8.526177 -0.397334 -5.702005 -8.670114 1.316115 -7.37928 -0.405192 -0.607646 -6.752835 -2.679936 -3.310611 -14.739071
CA -10.048095 -10.990878 -11.066932 -8.004316 -3.121747 -11.255901 -4.088202 -9.257887 -9.194858 -7.41857 -11.498578 -8.681595 -2.945726 -11.55812 -6.426449 -9.546629 -14.739071
CC -14.739071 -8.402967 -13.462013 -8.526177 -11.255901 -1.589869 -5.113353 -7.030135 -14.078684 -4.621466 -12.477192 -8.693294 -8.448036 -9.670033 -8.998808 -5.449158 -14.739071
CG -6.703356 -6.614615 -5.812834 -0.397334 -4.088202 -5.113353 5.729536 -4.977222 -8.167699 -0.050576 -5.312151 -1.784973 1.27356 -6.672422 0.690369 -4.820522 -14.739071
CU -12.574779 -11.494926 -12.229923 -5.702005 -9.257887 -7.030135 -4.977222 -0.934251 -13.143211 -7.105842 -12.157055 -6.253123 -6.644854 -5.784194 -8.068348 -6.233746 -14.739071
GA -5.428846 -11.306983 -8.047341 -8.670114 -9.194858 -14.078684 -8.167699 -13.143211 -0.665864 -6.167996 -9.905146 -6.066604 -7.225095 -13.495513 -9.744676 -13.529666 -14.739071
GC -5.342841 -4.20314 -7.82369 1.316115 -7.41857 -4.621466 -0.050576 -7.105842 -6.167996 5.834769 -5.382047 0.426688 -0.901951 -4.634699 -2.08326 -5.447463 -14.739071
GG -9.572656 -12.080551 -6.61449 -7.37928 -11.498578 -12.477192 -5.312151 -12.157055 -9.905146 -5.382047 -2.127335 -5.992294 -7.836654 -11.711643 -5.207507 -12.113205 -14.739071
GU -7.313611 -6.564524 -6.701002 -0.405192 -8.681595 -8.693294 -1.784973 -6.253123 -6.066604 0.426688 -5.992294 3.822403 -2.873577 -4.99433 -2.980131 -5.453415 -14.739071
UA -5.514999 -7.536226 -7.85228 -0.607646 -2.945726 -8.448036 1.27356 -6.644854 -7.225095 -0.901951 -7.836654 -2.873577 5.341394 -5.205109 -0.274323 -4.318114 -14.739071
UC -12.945617 -8.955324 -11.920819 -6.752835 -11.55812 -9.670033 -6.672422 -5.784194 -13.495513 -4.634699 -11.711643 -4.99433 -5.205109 -1.983444 -6.134947 -4.989852 -14.739071
UG -7.585634 -9.34447 -6.162545 -2.679936 -6.426449 -8.998808 0.690369 -8.068348 -9.744676 -2.08326 -5.207507 -2.980131 -0.274323 -6.134947 3.797975 -5.548621 -14.739071
UU -9.311619 -9.086037 -10.518439 -3.310611 -9.546629 -5.449158 -4.820522 -6.233746 -13.529666 -5.447463 -12.113205 -5.453415 -4.318114 -4.989852 -5.548621 0.450138 -14.739071
NN -14.739071 -14.739071 -14.739071 -14.739071 -14.739071 -14.739071 -14.739071 -14.739071 -14.739071 -14.739071 -14.739071 -14.739071 -14.739071 -14.739071 -14.739071 -14.739071 -14.739071
