 AA AC AG AU CA CC CG CU GA GC GG GU UA UC UG UU NN
AA -1.098114 -8.216035 -8.752023 -5.643872 -11.281702 -999.0 -8.063647 -13.818278 -6.761976 -6.681178 -9.47355 -8.889343 -5.787927 -14.818278 -8.713136 -11.747875 -999.0
AC -8.216035 -0.305165 -9.331844 -4.979469 -11.728811 -8.469746 -8.088737 -12.486047 -15.871002 -3.126012 -12.700414 -7.482488 -8.929535 -8.875549 -10.034713 -11.010004 -999.0
AG -8.752023 -9.331844 -0.660525 -7.900281 -11.444738 -14.761163 -6.267258 -13.413225 -9.712841 -8.525782 -7.325747 -9.428712 -8.804703 -12.487226 -6.865156 -11.509471 -999.0
AU -5.643872 -4.979469 -7.900281 4.983109 -9.27912 -10.205939 -1.606716 -6.688076 -10.050577 0.274512 -7.752738 -1.170767 -1.789353 -8.260364 -4.01533 -5.073572 -999.0
CA -11.281702 -11.728811 -11.444738 -9.27912 -2.640125 -10.444942 -4.205296 -9.592962 -10.461611 -7.919861 -10.296024 -9.658337 -4.435384 -11.43542 -7.690759 -11.290112 -999.0
CC -999.0 -8.469746 -14.761163 -10.205939 -10.444942 -1.119312 -4.975758 -6.613706 -13.53877 -4.606929 -12.56256 -9.25608 -9.064583 -9.702435 -9.509836 -8.107704 -999.0
CG -8.063647 -8.088737 -6.267258 -1.606716 -4.205296 -4.975758 6.272259 -5.280278 -8.754454 -0.673319 -5.319428 -2.891516 0.160174 -7.655687 0.037848 -6.256118 -999.0
CU -13.818278 -12.486047 -13.413225 -6.688076 -9.592962 -6.613706 -5.280278 -1.133365 -13.275721 -7.276585 -12.4041 -6.593679 -8.61634 -6.647777 -8.459752 -7.995833 -999.0
GA -6.761976 -15.871002 -9.712841 -10.050577 -10.461611 -13.53877 -8.754454 -13.275721 -0.825479 -6.366864 -9.571417 -7.101425 -7.865567 -16.735153 -11.154537 -14.802253 -999.0
GC -6.681178 -3.126012 -8.525782 0.274512 -7.919861 -4.606929 -0.673319 -7.276585 -6.366864 6.382841 -4.29493 -0.050881 -2.287682 -5.208164 -2.969033 -6.377717 -999.0
GG -9.47355 -12.700414 -7.325747 -7.752738 -10.296024 -12.56256 -5.319428 -12.4041 -9.571417 -4.29493 -1.538949 -6.272802 -8.896134 -11.745137 -5.889819 -11.87113 -999.0
GU -8.889343 -7.482488 -9.428712 -1.170767 -9.658337 -9.25608 -2.891516 -6.593679 -7.101425 -0.050881 -6.272802 3.837726 -4.190306 -7.462313 -4.419461 -6.399617 -999.0
UA -5.787927 -8.929535 -8.804703 -1.789353 -4.435384 -9.064583 0.160174 -8.61634 -7.865567 -2.287682 -8.896134 -4.190306 5.148281 -5.364522 -1.327919 -5.465515 -999.0
UC -14.818278 -8.875549 -12.487226 -8.260364 -11.43542 -9.702435 -7.655687 -6.647777 -16.735153 -5.208164 -11.745137 -7.462313 -5.364522 -0.639468 -5.903858 -5.928194 -999.0
UG -8.713136 -10.034713 -6.865156 -4.01533 -7.690759 -9.509836 0.037848 -8.459752 -11.154537 -2.969033 -5.889819 -4.419461 -1.327919 -5.903858 3.783826 -6.565216 -999.0
UU -11.747875 -11.010004 -11.509471 -5.073572 -11.290112 -8.107704 -6.256118 -7.995833 -14.802253 -6.377717 -11.87113 -6.399617 -5.465515 -5.928194 -6.565216 0.189894 -999.0
NN -999.0 -999.0 -999.0 -999.0 -999.0 -999.0 -999.0 -999.0 -999.0 -999.0 -999.0 -999.0 -999.0 -999.0 -999.0 -999.0 -999.0
