 AA AC AG AU CA CC CG CU GA GC GG GU UA UC UG UU NN
AA -2.614809 -8.460344 -8.825758 -5.068784 -10.071926 -13.456299 -3.873902 -12.11972 -6.625974 -5.220493 -9.68261 -6.512945 -2.4895 -12.289071 -3.546928 -8.848918 -15.169217
AC -8.460344 -1.864075 -9.606405 -1.656367 -10.554964 -8.873002 -5.430918 -10.687598 -7.183109 -2.696982 -10.393442 -4.929614 -5.587192 -8.898217 -7.177581 -8.389431 -15.169217
AG -8.825758 -9.606405 -1.325096 -6.071404 -10.65617 -15.169217 -2.572541 -9.370594 -9.403784 -6.296604 -4.226689 -7.124905 -2.823482 -8.018165 -5.832611 -9.77554 -15.169217
AU -5.068784 -1.656367 -6.071404 4.251345 -5.767666 -2.374941 2.030218 -4.177756 -3.7917 2.877151 -4.932616 0.744339 1.878291 -4.548991 -0.392072 -2.460962 -15.169217
CA -10.071926 -10.554964 -10.65617 -5.767666 -6.21533 -11.704492 -3.242068 -8.334981 -7.754411 -5.39827 -11.48928 -6.20121 -2.910703 -8.029641 -6.193313 -8.858666 -15.169217
CC -13.456299 -8.873002 -15.169217 -2.374941 -11.704492 -3.45812 -5.075048 -6.847818 -12.889906 -3.755553 -12.06229 -7.11553 -6.472351 -8.959937 -8.31107 -6.655643 -15.169217
CG -3.873902 -5.430918 -2.572541 2.030218 -3.242068 -5.075048 5.223242 -4.380369 -6.025775 2.80051 -4.709895 0.250163 2.928246 -4.335954 1.190747 -3.012077 -15.169217
CU -12.11972 -10.687598 -9.370594 -4.177756 -8.334981 -6.847818 -4.380369 -2.562862 -7.129494 -2.204747 -9.154607 -4.403222 -4.32741 -4.663115 -6.480851 -5.439722 -15.169217
GA -6.625974 -7.183109 -9.403784 -3.7917 -7.754411 -12.889906 -6.025775 -7.129494 -1.621504 -2.571276 -9.901258 -6.193433 -4.882237 -6.95861 -7.681945 -10.16182 -15.169217
GC -5.220493 -2.696982 -6.296604 2.877151 -5.39827 -3.755553 2.80051 -2.204747 -2.571276 5.490603 -4.780821 1.423993 1.889474 -4.168901 0.329549 -3.036676 -15.169217
GG -9.68261 -10.393442 -4.226689 -4.932616 -11.48928 -12.06229 -4.709895 -9.154607 -9.901258 -4.780821 -2.306625 -5.536209 -6.327946 -10.554732 -4.342328 -5.021332 -15.169217
GU -6.512945 -4.929614 -7.124905 0.744339 -6.20121 -7.11553 0.250163 -4.403222 -6.193433 1.423993 -5.536209 3.320409 0.063379 -4.605127 -1.262757 -2.580284 -15.169217
UA -2.4895 -5.587192 -2.823482 1.878291 -2.910703 -6.472351 2.928246 -4.32741 -4.882237 1.889474 -6.327946 0.063379 4.722998 -3.524953 1.044134 -1.585183 -15.169217
UC -12.289071 -8.898217 -8.018165 -4.548991 -8.029641 -8.959937 -4.335954 -4.663115 -6.95861 -4.168901 -10.554732 -4.605127 -3.524953 -4.122019 -4.196961 -5.907181 -15.169217
UG -3.546928 -7.177581 -5.832611 -0.392072 -6.193313 -8.31107 1.190747 -6.480851 -7.681945 0.329549 -4.342328 -1.262757 1.044134 -4.196961 3.189017 -3.652353 -15.169217
UU -8.848918 -8.389431 -9.77554 -2.460962 -8.858666 -6.655643 -3.012077 -5.439722 -10.16182 -3.036676 -5.021332 -2.580284 -1.585183 -5.907181 -3.652353 -0.715676 -15.169217
NN -15.169217 -15.169217 -15.169217 -15.169217 -15.169217 -15.169217 -15.169217 -15.169217 -15.169217 -15.169217 -15.169217 -15.169217 -15.169217 -15.169217 -15.169217 -15.169217 -15.169217
