 AA AC AG AU CA CC CG CU GA GC GG GU UA UC UG UU NN
AA -1.175785 -8.615728 -8.446697 -4.801774 -9.513265 -13.227579 -5.893355 -13.892544 -6.27072 -5.773296 -8.888773 -6.319186 -4.443507 -14.161596 -6.293561 -9.619531 -16.390605
AC -8.615728 -0.845504 -8.602927 -2.746768 -10.100671 -8.771398 -5.579132 -12.221683 -11.640766 -3.884698 -11.516361 -6.018974 -5.881199 -8.903408 -7.452184 -8.547272 -16.390605
AG -8.446697 -8.602927 -0.685252 -5.360841 -11.976237 -16.390605 -4.330969 -9.097014 -8.971974 -6.220149 -4.738215 -7.01104 -7.084561 -9.76882 -6.103656 -10.9886 -16.390605
AU -4.801774 -2.746768 -5.360841 4.890353 -6.405481 -7.865956 0.574781 -6.24348 -6.721465 1.974023 -6.860494 0.34771 0.593368 -5.923952 -1.639048 -2.954973 -16.390605
CA -9.513265 -10.100671 -11.976237 -6.405481 -2.999139 -10.75191 -3.319933 -8.063824 -8.087103 -6.749466 -11.853405 -8.414059 -2.453453 -7.85342 -6.790522 -7.54335 -16.390605
CC -13.227579 -8.771398 -16.390605 -7.865956 -10.75191 -1.716826 -5.690589 -6.996597 -13.219861 -3.630402 -14.962016 -8.117927 -7.95575 -7.626639 -8.664803 -6.005806 -16.390605
CG -5.893355 -5.579132 -4.330969 0.574781 -3.319933 -5.690589 5.701374 -4.891746 -6.485267 1.109664 -4.843015 -1.306422 1.972564 -5.334641 0.881059 -4.587348 -16.390605
CU -13.892544 -12.221683 -9.097014 -6.24348 -8.063824 -6.996597 -4.891746 -1.043801 -6.901861 -7.094895 -13.135737 -6.80364 -6.152092 -4.522374 -7.989156 -6.153667 -16.390605
GA -6.27072 -11.640766 -8.971974 -6.721465 -8.087103 -13.219861 -6.485267 -6.901861 -0.725603 -5.377614 -9.743294 -6.838871 -6.536404 -7.909259 -7.617342 -15.76418 -16.390605
GC -5.773296 -3.884698 -6.220149 1.974023 -6.749466 -3.630402 1.109664 -7.094895 -5.377614 5.867708 -5.020924 0.750079 0.493666 -4.583922 -1.154927 -4.741214 -16.390605
GG -8.888773 -11.516361 -4.738215 -6.860494 -11.853405 -14.962016 -4.843015 -13.135737 -9.743294 -5.020924 -1.804834 -6.153792 -6.434431 -11.848213 -3.97764 -10.97887 -16.390605
GU -6.319186 -6.018974 -7.01104 0.34771 -8.414059 -8.117927 -1.306422 -6.80364 -6.838871 0.750079 -6.153792 3.630751 -1.626621 -5.370144 -2.736508 -4.794896 -16.390605
UA -4.443507 -5.881199 -7.084561 0.593368 -2.453453 -7.95575 1.972564 -6.152092 -6.536404 0.493666 -6.434431 -1.626621 5.161648 -4.091515 0.512488 -3.863363 -16.390605
UC -14.161596 -8.903408 -9.76882 -5.923952 -7.85342 -7.626639 -5.334641 -4.522374 -7.909259 -4.583922 -11.848213 -5.370144 -4.091515 -2.25611 -5.747993 -4.587897 -16.390605
UG -6.293561 -7.452184 -6.103656 -1.639048 -6.790522 -8.664803 0.881059 -7.989156 -7.617342 -1.154927 -3.97764 -2.736508 0.512488 -5.747993 3.63962 -4.645311 -16.390605
UU -9.619531 -8.547272 -10.9886 -2.954973 -7.54335 -6.005806 -4.587348 -6.153667 -15.76418 -4.741214 -10.97887 -4.794896 -3.863363 -4.587897 -4.645311 0.138692 -16.390605
NN -16.390605 -16.390605 -16.390605 -16.390605 -16.390605 -16.390605 -16.390605 -16.390605 -16.390605 -16.390605 -16.390605 -16.390605 -16.390605 -16.390605 -16.390605 -16.390605 -16.390605
