 AA AC AG AU CA CC CG CU GA GC GG GU UA UC UG UU NN
AA -2.520245 -7.747752 -8.506962 -4.568047 -9.314582 -13.223935 -3.904117 -12.288575 -6.943136 -4.932918 -9.07054 -6.012486 -3.278574 -11.020368 -4.535849 -9.281267 -14.528258
AC -7.747752 -2.038369 -9.259676 -1.892437 -9.901246 -9.171071 -5.544088 -10.413934 -8.663202 -3.284335 -10.724093 -4.364231 -5.370275 -8.619943 -7.027226 -7.95164 -14.528258
AG -8.506962 -9.259676 -0.979043 -5.419912 -9.732645 -14.528258 -3.305378 -9.47729 -8.996171 -5.974783 -4.978136 -6.925664 -3.541151 -8.442357 -5.779927 -10.485918 -14.528258
AU -4.568047 -1.892437 -5.419912 4.397595 -5.698334 -3.745772 1.840955 -4.497113 -4.54178 2.763338 -5.313556 0.657047 1.744747 -4.675183 -0.510696 -2.782337 -14.528258
CA -9.314582 -9.901246 -9.732645 -5.698334 -5.660711 -10.971924 -3.201357 -7.859952 -8.214664 -5.51184 -10.795847 -6.747511 -2.734199 -7.188448 -6.004577 -8.460269 -14.528258
CC -13.223935 -9.171071 -14.528258 -3.745772 -10.971924 -3.491615 -4.891285 -6.434661 -12.660306 -3.730608 -12.432104 -6.922975 -6.225797 -8.073879 -8.093759 -5.984663 -14.528258
CG -3.904117 -5.544088 -3.305378 1.840955 -3.201357 -4.891285 5.300108 -4.597141 -5.877811 2.425289 -4.685808 -0.049107 2.824279 -4.579092 1.254971 -3.269453 -14.528258
CU -12.288575 -10.413934 -9.47729 -4.497113 -7.859952 -6.434661 -4.597141 -2.359067 -7.593099 -3.255615 -10.172544 -5.189734 -4.544633 -4.210543 -6.910032 -4.929795 -14.528258
GA -6.943136 -8.663202 -8.996171 -4.54178 -8.214664 -12.660306 -5.877811 -7.593099 -1.278872 -3.423164 -9.13102 -6.304948 -5.017374 -6.884789 -7.650409 -10.990843 -14.528258
GC -4.932918 -3.284335 -5.974783 2.763338 -5.51184 -3.730608 2.425289 -3.255615 -3.423164 5.564203 -4.438263 1.303515 1.742219 -4.387716 0.082898 -3.380018 -14.528258
GG -9.07054 -10.724093 -4.978136 -5.313556 -10.795847 -12.432104 -4.685808 -10.172544 -9.13102 -4.438263 -2.037897 -5.686702 -5.976564 -11.10196 -4.342845 -6.660649 -14.528258
GU -6.012486 -4.364231 -6.925664 0.657047 -6.747511 -6.922975 -0.049107 -5.189734 -6.304948 1.303515 -5.686702 3.40945 -0.276026 -5.009187 -1.753053 -3.340677 -14.528258
UA -3.278574 -5.370275 -3.541151 1.744747 -2.734199 -6.225797 2.824279 -4.544633 -5.017374 1.742219 -5.976564 -0.276026 4.875868 -3.256231 1.060345 -2.353373 -14.528258
UC -11.020368 -8.619943 -8.442357 -4.675183 -7.188448 -8.073879 -4.579092 -4.210543 -6.884789 -4.387716 -11.10196 -5.009187 -3.256231 -3.603781 -4.425594 -5.746623 -14.528258
UG -4.535849 -7.027226 -5.779927 -0.510696 -6.004577 -8.093759 1.254971 -6.910032 -7.650409 0.082898 -4.342845 -1.753053 1.060345 -4.425594 3.309173 -3.851099 -14.528258
UU -9.281267 -7.95164 -10.485918 -2.782337 -8.460269 -5.984663 -3.269453 -4.929795 -10.990843 -3.380018 -6.660649 -3.340677 -2.353373 -5.746623 -3.851099 -0.30233 -14.528258
NN -14.528258 -14.528258 -14.528258 -14.528258 -14.528258 -14.528258 -14.528258 -14.528258 -14.528258 -14.528258 -14.528258 -14.528258 -14.528258 -14.528258 -14.528258 -14.528258 -14.528258
