 AA AC AG AU CA CC CG CU GA GC GG GU UA UC UG UU NN
AA -0.755056 -8.216934 -7.529755 -5.879827 -11.283124 -999.0 -8.227164 -13.917718 -7.485494 -6.790974 -9.585574 -8.993007 -6.696774 -14.84143 -8.850244 -11.71873 -999.0
AC -8.216934 0.06541 -9.76461 -4.576383 -11.850726 -8.444074 -8.478143 -12.638025 -15.93425 -3.631969 -12.87259 -7.139962 -8.700747 -9.310705 -10.256717 -11.188126 -999.0
AG -7.529755 -9.76461 -0.447727 -6.774968 -11.797928 -14.910139 -5.697394 -13.509906 -10.509411 -7.470034 -7.113697 -9.786333 -7.443383 -12.583906 -6.706667 -11.566039 -999.0
AU -5.879827 -4.576383 -6.774968 5.057391 -9.427296 -9.331218 -2.128673 -6.374167 -10.150459 -0.067467 -7.724973 -1.33668 -2.387634 -8.393465 -4.539018 -5.004449 -999.0
CA -11.283124 -11.850726 -11.797928 -9.427296 -1.245682 -9.979758 -4.44091 -9.719092 -10.953272 -8.123328 -7.545065 -9.70939 -4.2827 -11.5443 -7.750056 -11.375284 -999.0
CC -999.0 -8.444074 -14.910139 -9.331218 -9.979758 -0.455914 -5.509423 -6.48369 -12.234574 -4.142112 -12.879548 -9.467544 -9.095888 -9.476336 -10.039545 -8.250017 -999.0
CG -8.227164 -8.478143 -5.697394 -2.128673 -4.44091 -5.509423 6.132626 -5.615878 -9.019269 -1.138468 -5.325618 -3.34565 -0.209183 -7.849959 -0.206133 -6.516906 -999.0
CU -13.917718 -12.638025 -13.509906 -6.374167 -9.719092 -6.48369 -5.615878 -0.839839 -13.427481 -7.276453 -12.57431 -6.776066 -7.350598 -7.341511 -8.731508 -8.080269 -999.0
GA -7.485494 -15.93425 -10.509411 -10.150459 -10.953272 -12.234574 -9.019269 -13.427481 -0.377201 -5.830873 -8.793913 -6.768748 -7.066453 -16.831834 -11.487946 -14.846637 -999.0
GC -6.790974 -3.631969 -7.470034 -0.067467 -8.123328 -4.142112 -1.138468 -7.276453 -5.830873 6.265514 -4.712449 -0.183884 -2.554329 -5.159059 -3.33894 -6.589714 -999.0
GG -9.585574 -12.87259 -7.113697 -7.724973 -7.545065 -12.879548 -5.325618 -12.57431 -8.793913 -4.712449 -1.19034 -5.932988 -9.237251 -11.9353 -5.964678 -12.475334 -999.0
GU -8.993007 -7.139962 -9.786333 -1.33668 -9.70939 -9.467544 -3.34565 -6.776066 -6.768748 -0.183884 -5.932988 3.918567 -4.697376 -7.057762 -4.728866 -6.06002 -999.0
UA -6.696774 -8.700747 -7.443383 -2.387634 -4.2827 -9.095888 -0.209183 -7.350598 -7.066453 -2.554329 -9.237251 -4.697376 5.212893 -5.488737 -1.452204 -5.45278 -999.0
UC -14.84143 -9.310705 -12.583906 -8.393465 -11.5443 -9.476336 -7.849959 -7.341511 -16.831834 -5.159059 -11.9353 -7.057762 -5.488737 -0.859026 -6.568057 -5.895084 -999.0
UG -8.850244 -10.256717 -6.706667 -4.539018 -7.750056 -10.039545 -0.206133 -8.731508 -11.487946 -3.33894 -5.964678 -4.728866 -1.452204 -6.568057 3.892028 -6.280147 -999.0
UU -11.71873 -11.188126 -11.566039 -5.004449 -11.375284 -8.250017 -6.516906 -8.080269 -14.846637 -6.589714 -12.475334 -6.06002 -5.45278 -5.895084 -6.280147 0.422823 -999.0
NN -999.0 -999.0 -999.0 -999.0 -999.0 -999.0 -999.0 -999.0 -999.0 -999.0 -999.0 -999.0 -999.0 -999.0 -999.0 -999.0 -999.0
