 AA AC AG AU CA CC CG CU GA GC GG GU UA UC UG UU NN
AA -1.81253 -7.565686 -9.597073 -5.441222 -9.491831 -15.183508 -3.407129 -10.882642 -7.469647 -5.862036 -10.956931 -7.400447 -3.250736 -13.420394 -5.651604 -9.024386 -15.183508
AC -7.565686 -0.752131 -9.243813 -2.147698 -7.905178 -7.881207 -5.729307 -10.251633 -9.460112 -3.052754 -11.531069 -5.495154 -5.043533 -9.1676 -7.171532 -8.468663 -15.183508
AG -9.597073 -9.243813 -0.865633 -4.282104 -8.409162 -12.115224 -3.444915 -9.566257 -8.671095 -5.704044 -3.837341 -4.949788 -3.749542 -9.418205 -5.522638 -11.071717 -15.183508
AU -5.441222 -2.147698 -4.282104 4.433885 -4.191312 -5.576218 1.441975 -4.789609 -4.905873 2.704917 -5.198611 0.633632 1.229668 -4.479362 -0.703771 -2.531661 -15.183508
CA -9.491831 -7.905178 -8.409162 -4.191312 -4.158427 -11.647009 -2.720463 -7.493172 -8.678333 -5.346693 -11.749599 -8.30237 -2.553816 -7.07954 -5.418534 -7.846344 -15.183508
CC -15.183508 -7.881207 -12.115224 -5.576218 -11.647009 -0.761649 -5.068227 -4.908928 -9.754866 -2.283827 -12.107243 -6.989563 -7.045883 -7.848874 -8.806115 -3.821121 -15.183508
CG -3.407129 -5.729307 -3.444915 1.441975 -2.720463 -5.068227 5.745223 -4.211841 -4.597602 1.868713 -4.588338 -0.534049 2.732131 -4.921701 1.26935 -2.528934 -15.183508
CU -10.882642 -10.251633 -9.566257 -4.789609 -7.493172 -4.908928 -4.211841 -0.941001 -7.995929 -6.310223 -13.514723 -5.37989 -4.475412 -4.772528 -4.931793 -5.282819 -15.183508
GA -7.469647 -9.460112 -8.671095 -4.905873 -8.678333 -9.754866 -4.597602 -7.995929 -0.687613 -3.737467 -9.320226 -5.398159 -4.529128 -7.747528 -7.089188 -12.108431 -15.183508
GC -5.862036 -3.052754 -5.704044 2.704917 -5.346693 -2.283827 1.868713 -6.310223 -3.737467 5.967731 -4.001876 1.559242 1.39654 -4.812757 -0.308303 -3.19684 -15.183508
GG -10.956931 -11.531069 -3.837341 -5.198611 -11.749599 -12.107243 -4.588338 -13.514723 -9.320226 -4.001876 -2.633009 -4.436953 -5.319027 -10.361607 -3.720542 -10.699239 -15.183508
GU -7.400447 -5.495154 -4.949788 0.633632 -8.30237 -6.989563 -0.534049 -5.37989 -5.398159 1.559242 -4.436953 3.340963 -0.662881 -4.665851 -2.222418 -3.150817 -15.183508
UA -3.250736 -5.043533 -3.749542 1.229668 -2.553816 -7.045883 2.732131 -4.475412 -4.529128 1.39654 -5.319027 -0.662881 4.655568 -3.456623 1.124987 -2.782846 -15.183508
UC -13.420394 -9.1676 -9.418205 -4.479362 -7.07954 -7.848874 -4.921701 -4.772528 -7.747528 -4.812757 -10.361607 -4.665851 -3.456623 -4.143614 -5.1903 -5.935272 -15.183508
UG -5.651604 -7.171532 -5.522638 -0.703771 -5.418534 -8.806115 1.26935 -4.931793 -7.089188 -0.308303 -3.720542 -2.222418 1.124987 -5.1903 3.352702 -3.65033 -15.183508
UU -9.024386 -8.468663 -11.071717 -2.531661 -7.846344 -3.821121 -2.528934 -5.282819 -12.108431 -3.19684 -10.699239 -3.150817 -2.782846 -5.935272 -3.65033 -1.221118 -15.183508
NN -15.183508 -15.183508 -15.183508 -15.183508 -15.183508 -15.183508 -15.183508 -15.183508 -15.183508 -15.183508 -15.183508 -15.183508 -15.183508 -15.183508 -15.183508 -15.183508 -15.183508
