 AA AC AG AU CA CC CG CU GA GC GG GU UA UC UG UU NN
AA -2.612703 -8.459749 -8.825131 -5.067083 -10.071268 -13.46508 -3.875776 -12.119081 -6.625347 -5.219249 -9.682105 -6.502756 -2.491643 -12.288433 -3.546423 -8.848397 -15.168392
AC -8.459749 -1.863324 -9.605679 -1.65595 -10.554208 -8.872614 -5.442598 -10.686861 -7.182383 -2.7007 -10.392648 -4.929192 -5.595223 -8.898175 -7.17781 -8.388812 -15.168392
AG -8.825131 -9.605679 -1.324401 -6.063952 -10.655949 -15.168392 -2.57179 -9.369887 -9.403089 -6.296589 -4.225927 -7.124359 -2.827406 -8.017552 -5.832019 -9.778023 -15.168392
AU -5.067083 -1.65595 -6.063952 4.253551 -5.77345 -2.377184 2.027532 -4.17958 -3.791271 2.875696 -4.932672 0.742301 1.87769 -4.542997 -0.393345 -2.460334 -15.168392
CA -10.071268 -10.554208 -10.655949 -5.77345 -6.214574 -11.703636 -3.24176 -8.270647 -7.753685 -5.399501 -11.488486 -6.201903 -2.910583 -8.028903 -6.192645 -8.858046 -15.168392
CC -13.46508 -8.872614 -15.168392 -2.377184 -11.703636 -3.457166 -5.074694 -6.846981 -12.889081 -3.754759 -12.061398 -7.115399 -6.481225 -8.959101 -8.311741 -6.654925 -15.168392
CG -3.875776 -5.442598 -2.57179 2.027532 -3.24176 -5.074694 5.223777 -4.379709 -6.025194 2.800143 -4.709419 0.248657 2.926284 -4.335759 1.190452 -3.011639 -15.168392
CU -12.119081 -10.686861 -9.369887 -4.17958 -8.270647 -6.846981 -4.379709 -2.562143 -7.128788 -2.204301 -9.15401 -4.402896 -4.333993 -4.662397 -6.493089 -5.439169 -15.168392
GA -6.625347 -7.182383 -9.403089 -3.791271 -7.753685 -12.889081 -6.025194 -7.128788 -1.620809 -2.572054 -9.900495 -6.192883 -4.88246 -6.957903 -7.68184 -10.161231 -15.168392
GC -5.219249 -2.7007 -6.296589 2.875696 -5.399501 -3.754759 2.800143 -2.204301 -2.572054 5.491115 -4.783277 1.423735 1.886945 -4.168753 0.329177 -3.038128 -15.168392
GG -9.682105 -10.392648 -4.225927 -4.932672 -11.488486 -12.061398 -4.709419 -9.15401 -9.900495 -4.783277 -2.305794 -5.535621 -6.331841 -10.553958 -4.341605 -5.020675 -15.168392
GU -6.502756 -4.929192 -7.124359 0.742301 -6.201903 -7.115399 0.248657 -4.402896 -6.192883 1.423735 -5.535621 3.320578 0.061114 -4.604529 -1.263617 -2.577859 -15.168392
UA -2.491643 -5.595223 -2.827406 1.87769 -2.910583 -6.481225 2.926284 -4.333993 -4.88246 1.886945 -6.331841 0.061114 4.724975 -3.525615 1.043487 -1.586698 -15.168392
UC -12.288433 -8.898175 -8.017552 -4.542997 -8.028903 -8.959101 -4.335759 -4.662397 -6.957903 -4.168753 -10.553958 -4.604529 -3.525615 -4.121301 -4.200223 -5.90658 -15.168392
UG -3.546423 -7.17781 -5.832019 -0.393345 -6.192645 -8.311741 1.190452 -6.493089 -7.68184 0.329177 -4.341605 -1.263617 1.043487 -4.200223 3.189496 -3.659569 -15.168392
UU -8.848397 -8.388812 -9.778023 -2.460334 -8.858046 -6.654925 -3.011639 -5.439169 -10.161231 -3.038128 -5.020675 -2.577859 -1.586698 -5.90658 -3.659569 -0.715198 -15.168392
NN -15.168392 -15.168392 -15.168392 -15.168392 -15.168392 -15.168392 -15.168392 -15.168392 -15.168392 -15.168392 -15.168392 -15.168392 -15.168392 -15.168392 -15.168392 -15.168392 -15.168392
