 AA AC AG AU CA CC CG CU GA GC GG GU UA UC UG UU NN
AA -1.868781 -7.784747 -8.171962 -4.708032 -9.391521 -14.301354 -4.854999 -11.932336 -6.153311 -4.780302 -9.718053 -6.14002 -4.61117 -11.930994 -6.228447 -8.649911 -14.678991
AC -7.784747 -1.775006 -9.282728 -2.070202 -10.018993 -9.215553 -5.801801 -10.650162 -10.172006 -3.802893 -12.153923 -4.783168 -5.802574 -8.613805 -7.349426 -7.904006 -14.678991
AG -8.171962 -9.282728 -0.670714 -5.71352 -10.564031 -14.678991 -4.739407 -8.940604 -8.844682 -6.288749 -5.47072 -6.908106 -5.41906 -8.33188 -5.796398 -10.607214 -14.678991
AU -4.708032 -2.070202 -5.71352 4.60945 -6.015681 -6.681313 1.527376 -5.560143 -5.836087 2.579593 -6.092764 0.471652 1.436683 -5.390634 -0.67461 -3.024351 -14.678991
CA -9.391521 -10.018993 -10.564031 -6.015681 -5.549244 -11.174699 -3.860396 -7.709894 -8.570665 -5.949234 -10.954773 -8.070559 -2.65307 -7.396148 -6.212586 -8.339826 -14.678991
CC -14.301354 -9.215553 -14.678991 -6.681313 -11.174699 -2.793891 -5.194214 -6.159636 -13.614861 -3.986673 -12.358898 -7.755203 -6.95713 -8.381147 -8.424281 -5.986685 -14.678991
CG -4.854999 -5.801801 -4.739407 1.527376 -3.860396 -5.194214 5.42301 -4.914332 -6.414536 1.903813 -4.543797 -0.473085 2.577733 -4.640662 1.175947 -3.723414 -14.678991
CU -11.932336 -10.650162 -8.940604 -5.560143 -7.709894 -6.159636 -4.914332 -1.845565 -6.626547 -5.898256 -13.450525 -5.864476 -4.307931 -3.953035 -7.393913 -4.704944 -14.678991
GA -6.153311 -10.172006 -8.844682 -5.836087 -8.570665 -13.614861 -6.414536 -6.626547 -0.939404 -5.019469 -9.592881 -6.436239 -6.029504 -6.400562 -7.747317 -11.644927 -14.678991
GC -4.780302 -3.802893 -6.288749 2.579593 -5.949234 -3.986673 1.903813 -5.898256 -5.019469 5.636567 -4.618943 1.101977 1.380079 -4.815921 -0.185249 -4.077021 -14.678991
GG -9.718053 -12.153923 -5.47072 -6.092764 -10.954773 -12.358898 -4.543797 -13.450525 -9.592881 -4.618943 -2.125004 -5.640378 -6.139535 -11.842494 -4.203983 -11.745943 -14.678991
GU -6.14002 -4.783168 -6.908106 0.471652 -8.070559 -7.755203 -0.473085 -5.864476 -6.436239 1.101977 -5.640378 3.543312 -0.776761 -5.190774 -2.093376 -4.869772 -14.678991
UA -4.61117 -5.802574 -5.41906 1.436683 -2.65307 -6.95713 2.577733 -4.307931 -6.029504 1.380079 -6.139535 -0.776761 5.037043 -3.048053 1.00859 -3.585484 -14.678991
UC -11.930994 -8.613805 -8.33188 -5.390634 -7.396148 -8.381147 -4.640662 -3.953035 -6.400562 -4.815921 -11.842494 -5.190774 -3.048053 -3.416714 -4.935505 -5.176835 -14.678991
UG -6.228447 -7.349426 -5.796398 -0.67461 -6.212586 -8.424281 1.175947 -7.393913 -7.747317 -0.185249 -4.203983 -2.093376 1.00859 -4.935505 3.434542 -4.200087 -14.678991
UU -8.649911 -7.904006 -10.607214 -3.024351 -8.339826 -5.986685 -3.723414 -4.704944 -11.644927 -4.077021 -11.745943 -4.869772 -3.585484 -5.176835 -4.200087 0.047513 -14.678991
NN -14.678991 -14.678991 -14.678991 -14.678991 -14.678991 -14.678991 -14.678991 -14.678991 -14.678991 -14.678991 -14.678991 -14.678991 -14.678991 -14.678991 -14.678991 -14.678991 -14.678991
