 AA AC AG AU CA CC CG CU GA GC GG GU UA UC UG UU NN
AA -2.603894 -8.470122 -8.821726 -5.074954 -10.056229 -13.442235 -3.871265 -12.10472 -6.624957 -5.220724 -9.691504 -6.49591 -2.485164 -12.2628 -3.545733 -8.866521 -15.136875
AC -8.470122 -1.853437 -9.594466 -1.654023 -10.55259 -8.854428 -5.438174 -10.682187 -7.170095 -2.695882 -10.383629 -4.924468 -5.596511 -8.877496 -7.166062 -8.384784 -15.136875
AG -8.821726 -9.594466 -1.326941 -6.067754 -10.64682 -15.136875 -2.572318 -9.357168 -9.390474 -6.291214 -4.22346 -7.125567 -2.824172 -8.010915 -5.829295 -9.761374 -15.136875
AU -5.074954 -1.654023 -6.067754 4.253602 -5.775143 -2.374198 2.030071 -4.178441 -3.791566 2.875845 -4.929956 0.745141 1.878742 -4.540369 -0.393684 -2.455107 -15.136875
CA -10.056229 -10.55259 -10.64682 -5.775143 -6.20499 -11.694097 -3.240654 -8.325129 -7.764284 -5.395536 -11.479638 -6.201176 -2.907259 -8.029929 -6.206051 -8.849813 -15.136875
CC -13.442235 -8.854428 -15.136875 -2.374198 -11.694097 -3.457087 -5.067683 -6.862591 -12.895932 -3.754496 -12.06433 -7.102715 -6.465591 -8.947071 -8.303667 -6.640721 -15.136875
CG -3.871265 -5.438174 -2.572318 2.030071 -3.240654 -5.067683 5.221619 -4.387006 -6.029273 2.800486 -4.708279 0.250943 2.926251 -4.345193 1.189222 -3.008077 -15.136875
CU -12.10472 -10.682187 -9.357168 -4.178441 -8.325129 -6.862591 -4.387006 -2.559595 -7.141247 -2.204757 -9.136048 -4.410244 -4.32651 -4.668945 -6.47042 -5.428428 -15.136875
GA -6.624957 -7.170095 -9.390474 -3.791566 -7.764284 -12.895932 -6.029273 -7.141247 -1.623253 -2.569904 -9.906843 -6.18917 -4.86863 -6.980451 -7.672718 -10.145129 -15.136875
GC -5.220724 -2.695882 -6.291214 2.875845 -5.395536 -3.754496 2.800486 -2.204757 -2.569904 5.488602 -4.774661 1.424606 1.888583 -4.161876 0.327374 -3.034405 -15.136875
GG -9.691504 -10.383629 -4.22346 -4.929956 -11.479638 -12.06433 -4.708279 -9.136048 -9.906843 -4.774661 -2.305651 -5.534233 -6.320774 -10.568378 -4.341619 -5.019533 -15.136875
GU -6.49591 -4.924468 -7.125567 0.745141 -6.201176 -7.102715 0.250943 -4.410244 -6.18917 1.424606 -5.534233 3.320576 0.063396 -4.611534 -1.261042 -2.574439 -15.136875
UA -2.485164 -5.596511 -2.824172 1.878742 -2.907259 -6.465591 2.926251 -4.32651 -4.86863 1.888583 -6.320774 0.063396 4.724416 -3.52938 1.044086 -1.580581 -15.136875
UC -12.2628 -8.877496 -8.010915 -4.540369 -8.029929 -8.947071 -4.345193 -4.668945 -6.980451 -4.161876 -10.568378 -4.611534 -3.52938 -4.137848 -4.199159 -5.903669 -15.136875
UG -3.545733 -7.166062 -5.829295 -0.393684 -6.206051 -8.303667 1.189222 -6.47042 -7.672718 0.327374 -4.341619 -1.261042 1.044086 -4.199159 3.18976 -3.643971 -15.136875
UU -8.866521 -8.384784 -9.761374 -2.455107 -8.849813 -6.640721 -3.008077 -5.428428 -10.145129 -3.034405 -5.019533 -2.574439 -1.580581 -5.903669 -3.643971 -0.714557 -15.136875
NN -15.136875 -15.136875 -15.136875 -15.136875 -15.136875 -15.136875 -15.136875 -15.136875 -15.136875 -15.136875 -15.136875 -15.136875 -15.136875 -15.136875 -15.136875 -15.136875 -15.136875
