 AA AC AG AU CA CC CG CU GA GC GG GU UA UC UG UU NN
AA -2.614066 -8.459906 -8.825299 -5.068194 -10.071488 -13.456166 -3.87375 -12.119182 -6.625515 -5.221288 -9.682435 -6.512469 -2.489662 -12.288533 -3.54637 -8.847974 -15.169368
AC -8.459906 -1.863943 -9.606251 -1.655843 -10.554832 -8.873175 -5.431086 -10.687365 -7.182955 -2.697136 -10.393572 -4.929393 -5.592758 -8.897984 -7.177379 -8.388793 -15.169368
AG -8.825299 -9.606251 -1.324921 -6.071387 -10.656017 -15.169368 -2.572672 -9.37034 -9.403609 -6.296991 -4.226799 -7.124704 -2.824848 -8.017911 -5.832336 -9.77488 -15.169368
AU -5.068194 -1.655843 -6.071387 4.252172 -5.768624 -2.374722 2.029669 -4.177138 -3.791151 2.876917 -4.932442 0.74423 1.878489 -4.548402 -0.393049 -2.459956 -15.169368
CA -10.071488 -10.554832 -10.656017 -5.768624 -6.215198 -11.704665 -3.242227 -8.334748 -7.754257 -5.398507 -11.48941 -6.201114 -2.910304 -8.029408 -6.193058 -8.858027 -15.169368
CC -13.456166 -8.873175 -15.169368 -2.374722 -11.704665 -3.458598 -5.075512 -6.84789 -12.890057 -3.756016 -12.062726 -7.115611 -6.472701 -8.960009 -8.311121 -6.65531 -15.169368
CG -3.87375 -5.431086 -2.572672 2.029669 -3.242227 -5.075512 5.222799 -4.38042 -6.025906 2.799947 -4.710315 0.249853 2.927741 -4.336014 1.190509 -3.011722 -15.169368
CU -12.119182 -10.687365 -9.37034 -4.177138 -8.334748 -6.84789 -4.38042 -2.562528 -7.12924 -2.204812 -9.154637 -4.402871 -4.326824 -4.662782 -6.480514 -5.438983 -15.169368
GA -6.625515 -7.182955 -9.403609 -3.791151 -7.754257 -12.890057 -6.025906 -7.12924 -1.621329 -2.571406 -9.901367 -6.193157 -4.881857 -6.958356 -7.681778 -10.16116 -15.169368
GC -5.221288 -2.697136 -6.296991 2.876917 -5.398507 -3.756016 2.799947 -2.204812 -2.571406 5.49015 -4.781236 1.423889 1.889001 -4.168971 0.329359 -3.036321 -15.169368
GG -9.682435 -10.393572 -4.226799 -4.932442 -11.48941 -12.062726 -4.710315 -9.154637 -9.901367 -4.781236 -2.307019 -5.536218 -6.328064 -10.554762 -4.342337 -5.020956 -15.169368
GU -6.512469 -4.929393 -7.124704 0.74423 -6.201114 -7.115611 0.249853 -4.402871 -6.193157 1.423889 -5.536218 3.320758 0.06271 -4.604772 -1.262458 -2.579565 -15.169368
UA -2.489662 -5.592758 -2.824848 1.878489 -2.910304 -6.472701 2.927741 -4.326824 -4.881857 1.889001 -6.328064 0.06271 4.723765 -3.524418 1.044236 -1.584161 -15.169368
UC -12.288533 -8.897984 -8.017911 -4.548402 -8.029408 -8.960009 -4.336014 -4.662782 -6.958356 -4.168971 -10.554762 -4.604772 -3.524418 -4.121686 -4.196606 -5.906441 -15.169368
UG -3.54637 -7.177379 -5.832336 -0.393049 -6.193058 -8.311121 1.190509 -6.480514 -7.681778 0.329359 -4.342337 -1.262458 1.044236 -4.196606 3.189392 -3.651593 -15.169368
UU -8.847974 -8.388793 -9.77488 -2.459956 -8.858027 -6.65531 -3.011722 -5.438983 -10.16116 -3.036321 -5.020956 -2.579565 -1.584161 -5.906441 -3.651593 -0.714531 -15.169368
NN -15.169368 -15.169368 -15.169368 -15.169368 -15.169368 -15.169368 -15.169368 -15.169368 -15.169368 -15.169368 -15.169368 -15.169368 -15.169368 -15.169368 -15.169368 -15.169368 -15.169368
