 AA AC AG AU CA CC CG CU GA GC GG GU UA UC UG UU NN
AA -1.832478 -7.999249 -8.155169 -4.696226 -9.635891 -14.362389 -5.08053 -11.952245 -6.122834 -4.772129 -9.676404 -6.354827 -4.639078 -12.0105 -6.254961 -8.635541 -14.723939
AC -7.999249 -1.775155 -9.257425 -2.102645 -10.010345 -9.219794 -5.846187 -10.98445 -10.254224 -3.749906 -12.319005 -5.206359 -5.864113 -8.600211 -7.39366 -8.010742 -14.723939
AG -8.155169 -9.257425 -0.655892 -5.823367 -10.610688 -14.723939 -4.791555 -8.902748 -9.074311 -6.300442 -5.509676 -6.927591 -5.966923 -8.295851 -5.783554 -10.609908 -14.723939
AU -4.696226 -2.102645 -5.823367 4.629791 -6.108912 -6.926456 1.474649 -5.570873 -6.044991 2.546035 -6.188535 0.437802 1.377617 -5.470075 -0.726839 -3.095785 -14.723939
CA -9.635891 -10.010345 -10.610688 -6.108912 -5.524892 -11.293873 -3.889903 -7.604955 -8.626739 -6.035306 -11.36392 -8.293482 -2.655971 -7.370335 -6.255954 -8.336752 -14.723939
CC -14.362389 -9.219794 -14.723939 -6.926456 -11.293873 -2.73136 -5.299268 -6.173351 -13.663056 -4.062265 -12.359889 -8.057865 -7.269339 -8.361708 -8.795521 -6.054623 -14.723939
CG -5.08053 -5.846187 -4.791555 1.474649 -3.889903 -5.299268 5.455246 -4.915056 -6.495151 1.853149 -4.531679 -0.535202 2.544928 -4.629596 1.164595 -3.838907 -14.723939
CU -11.952245 -10.98445 -8.902748 -5.570873 -7.604955 -6.173351 -4.915056 -1.804556 -6.59187 -6.151451 -13.462671 -6.072757 -4.364809 -3.921201 -7.775905 -4.689689 -14.723939
GA -6.122834 -10.254224 -9.074311 -6.044991 -8.626739 -13.663056 -6.495151 -6.59187 -0.936194 -5.265901 -9.582359 -6.562596 -6.046528 -6.361216 -7.736821 -11.769416 -14.723939
GC -4.772129 -3.749906 -6.300442 2.546035 -6.035306 -4.062265 1.853149 -6.151451 -5.265901 5.666613 -4.692006 1.065498 1.311055 -4.847272 -0.215101 -4.253 -14.723939
GG -9.676404 -12.319005 -5.509676 -6.188535 -11.36392 -12.359889 -4.531679 -13.462671 -9.582359 -4.692006 -2.097033 -5.751014 -6.251185 -11.83731 -4.176169 -11.757391 -14.723939
GU -6.354827 -5.206359 -6.927591 0.437802 -8.293482 -8.057865 -0.535202 -6.072757 -6.562596 1.065498 -5.751014 3.556625 -0.843351 -5.301353 -2.145788 -4.990085 -14.723939
UA -4.639078 -5.864113 -5.966923 1.377617 -2.655971 -7.269339 2.544928 -4.364809 -6.046528 1.311055 -6.251185 -0.843351 5.048879 -3.017858 0.974056 -3.661797 -14.723939
UC -12.0105 -8.600211 -8.295851 -5.470075 -7.370335 -8.361708 -4.629596 -3.921201 -6.361216 -4.847272 -11.83731 -5.301353 -3.017858 -3.260682 -4.965362 -5.120856 -14.723939
UG -6.254961 -7.39366 -5.783554 -0.726839 -6.255954 -8.795521 1.164595 -7.775905 -7.736821 -0.215101 -4.176169 -2.145788 0.974056 -4.965362 3.442436 -4.392495 -14.723939
UU -8.635541 -8.010742 -10.609908 -3.095785 -8.336752 -6.054623 -3.838907 -4.689689 -11.769416 -4.253 -11.757391 -4.990085 -3.661797 -5.120856 -4.392495 0.080197 -14.723939
NN -14.723939 -14.723939 -14.723939 -14.723939 -14.723939 -14.723939 -14.723939 -14.723939 -14.723939 -14.723939 -14.723939 -14.723939 -14.723939 -14.723939 -14.723939 -14.723939 -14.723939
