 AA AC AG AU CA CC CG CU GA GC GG GU UA UC UG UU NN
AA -3.662961 -6.107186 -10.993546 -4.461319 -10.579715 -12.727663 -3.494045 -11.886669 -9.567928 -5.038619 -12.359186 -5.379443 -3.285644 -12.59451 -3.782326 -10.777612 -12.733919
AC -6.107186 -1.652126 -9.119868 -1.696717 -9.781845 -6.522865 -4.324422 -9.393741 -6.327338 -2.546671 -9.170797 -3.809896 -3.642895 -9.77211 -5.85482 -8.44244 -12.733919
AG -10.993546 -9.119868 -2.507433 -4.277613 -10.263997 -12.733919 -1.728112 -10.447731 -7.393656 -4.092012 -4.265675 -5.869783 -2.564031 -10.198638 -5.820373 -8.220262 -12.733919
AU -4.461319 -1.696717 -4.277613 3.815219 -4.892682 -2.326448 2.380819 -3.416941 -3.709131 3.273119 -4.274846 0.925096 2.016451 -4.279302 -0.029177 -2.717075 -12.733919
CA -10.579715 -9.781845 -10.263997 -4.892682 -5.670266 -9.871055 -2.248728 -8.585224 -6.531644 -4.188863 -10.594542 -5.341874 -3.081446 -8.505775 -6.023969 -8.908619 -12.733919
CC -12.727663 -6.522865 -12.733919 -2.326448 -9.871055 -3.122803 -3.368673 -5.055095 -9.421638 -2.475686 -10.940497 -5.29484 -4.397236 -7.610645 -6.310801 -5.340565 -12.733919
CG -3.494045 -4.324422 -1.728112 2.380819 -2.248728 -3.368673 5.278311 -3.919976 -4.237354 3.181913 -3.920523 0.629488 3.301873 -4.100176 1.562796 -2.199196 -12.733919
CU -11.886669 -9.393741 -10.447731 -3.416941 -8.585224 -5.055095 -3.919976 -3.006853 -8.934983 -2.380687 -7.216882 -4.203641 -3.491363 -5.402464 -5.053581 -6.444948 -12.733919
GA -9.567928 -6.327338 -7.393656 -3.709131 -6.531644 -9.421638 -4.237354 -8.934983 -2.23395 -1.96545 -10.229085 -4.975154 -3.6144 -8.821697 -7.678228 -8.780446 -12.733919
GC -5.038619 -2.546671 -4.092012 3.273119 -4.188863 -2.475686 3.181913 -2.380687 -1.96545 5.620541 -3.525141 1.903103 2.548689 -3.558338 0.802578 -2.376376 -12.733919
GG -12.359186 -9.170797 -4.265675 -4.274846 -10.594542 -10.940497 -3.920523 -7.216882 -10.229085 -3.525141 -2.499462 -4.724309 -5.046875 -9.922411 -4.231557 -7.170056 -12.733919
GU -5.379443 -3.809896 -5.869783 0.925096 -5.341874 -5.29484 0.629488 -4.203641 -4.975154 1.903103 -4.724309 2.96707 0.318876 -4.655974 -1.072052 -3.201819 -12.733919
UA -3.285644 -3.642895 -2.564031 2.016451 -3.081446 -4.397236 3.301873 -3.491363 -3.6144 2.548689 -5.046875 0.318876 4.169474 -3.235047 1.200465 -1.738466 -12.733919
UC -12.59451 -9.77211 -10.198638 -4.279302 -8.505775 -7.610645 -4.100176 -5.402464 -8.821697 -3.558338 -9.922411 -4.655974 -3.235047 -5.370765 -3.590734 -7.42212 -12.733919
UG -3.782326 -5.85482 -5.820373 -0.029177 -6.023969 -6.310801 1.562796 -5.053581 -7.678228 0.802578 -4.231557 -1.072052 1.200465 -3.590734 2.809964 -2.799339 -12.733919
UU -10.777612 -8.44244 -8.220262 -2.717075 -8.908619 -5.340565 -2.199196 -6.444948 -8.780446 -2.376376 -7.170056 -3.201819 -1.738466 -7.42212 -2.799339 -1.956641 -12.733919
NN -12.733919 -12.733919 -12.733919 -12.733919 -12.733919 -12.733919 -12.733919 -12.733919 -12.733919 -12.733919 -12.733919 -12.733919 -12.733919 -12.733919 -12.733919 -12.733919 -12.733919
