 AA AC AG AU CA CC CG CU GA GC GG GU UA UC UG UU NN
AA -2.613019 -8.459354 -8.824666 -5.067476 -10.070873 -13.465521 -3.873641 -12.118413 -6.624883 -5.225509 -9.682407 -6.512629 -2.490034 -12.287764 -3.545588 -8.84662 -15.169599
AC -8.459354 -1.863759 -9.60605 -1.65512 -10.554648 -8.873423 -5.431578 -10.687028 -7.182754 -2.69741 -10.393786 -4.929044 -5.59941 -8.897647 -7.177025 -8.38787 -15.169599
AG -8.824666 -9.60605 -1.324703 -6.07136 -10.655816 -15.169599 -2.572889 -9.369986 -9.403392 -6.297621 -4.226996 -7.124388 -2.826531 -8.017557 -5.831987 -9.773941 -15.169599
AU -5.067476 -1.65512 -6.07136 4.25334 -5.770423 -2.374444 2.029002 -4.176332 -3.790401 2.876636 -4.932135 0.74428 1.878536 -4.547552 -0.394135 -2.458491 -15.169599
CA -10.070873 -10.554648 -10.655816 -5.770423 -6.215014 -11.704913 -3.242465 -8.334411 -7.754057 -5.399994 -11.489624 -6.200984 -2.909735 -8.029071 -6.192704 -8.857105 -15.169599
CC -13.465521 -8.873423 -15.169599 -2.374444 -11.704913 -3.459278 -5.076189 -6.847984 -12.890288 -3.75669 -12.063372 -7.115835 -6.474005 -8.960104 -8.311199 -6.654819 -15.169599
CG -3.873641 -5.431578 -2.572889 2.029002 -3.242465 -5.076189 5.222132 -4.380515 -6.02612 2.799118 -4.710975 0.249333 2.927177 -4.336104 1.190241 -3.011223 -15.169599
CU -12.118413 -10.687028 -9.369986 -4.176332 -8.334411 -6.847984 -4.380515 -2.562037 -7.128886 -2.204927 -9.154697 -4.402372 -4.326063 -4.662291 -6.480025 -5.437907 -15.169599
GA -6.624883 -7.182754 -9.403392 -3.790401 -7.754057 -12.890288 -6.02612 -7.128886 -1.621111 -2.57162 -9.901564 -6.192815 -4.881152 -6.958001 -7.681543 -10.160221 -15.169599
GC -5.225509 -2.69741 -6.297621 2.876636 -5.399994 -3.75669 2.799118 -2.204927 -2.57162 5.489473 -4.781893 1.423675 1.88834 -4.169086 0.3292 -3.035813 -15.169599
GG -9.682407 -10.393786 -4.226996 -4.932135 -11.489624 -12.063372 -4.710975 -9.154697 -9.901564 -4.781893 -2.30763 -5.536262 -6.328119 -10.554823 -4.34238 -5.020431 -15.169599
GU -6.512629 -4.929044 -7.124388 0.74428 -6.200984 -7.115835 0.249333 -4.402372 -6.192815 1.423675 -5.536262 3.32123 0.061974 -4.60428 -1.262052 -2.578518 -15.169599
UA -2.490034 -5.59941 -2.826531 1.878536 -2.909735 -6.474005 2.927177 -4.326063 -4.881152 1.88834 -6.328119 0.061974 4.724819 -3.523567 1.044566 -1.582756 -15.169599
UC -12.287764 -8.897647 -8.017557 -4.547552 -8.029071 -8.960104 -4.336104 -4.662291 -6.958001 -4.169086 -10.554823 -4.60428 -3.523567 -4.121195 -4.196155 -5.905366 -15.169599
UG -3.545588 -7.177025 -5.831987 -0.394135 -6.192704 -8.311199 1.190241 -6.480025 -7.681543 0.3292 -4.34238 -1.262052 1.044566 -4.196155 3.189913 -3.650589 -15.169599
UU -8.84662 -8.38787 -9.773941 -2.458491 -8.857105 -6.654819 -3.011223 -5.437907 -10.160221 -3.035813 -5.020431 -2.578518 -1.582756 -5.905366 -3.650589 -0.71287 -15.169599
NN -15.169599 -15.169599 -15.169599 -15.169599 -15.169599 -15.169599 -15.169599 -15.169599 -15.169599 -15.169599 -15.169599 -15.169599 -15.169599 -15.169599 -15.169599 -15.169599 -15.169599
