 AA AC AG AU CA CC CG CU GA GC GG GU UA UC UG UU NN
AA -3.61948 -5.636285 -10.731925 -4.074661 -11.704311 -12.429969 -3.845061 -11.980362 -9.300832 -5.064475 -12.138389 -5.664027 -3.510552 -12.423436 -3.536207 -10.730503 -12.623966
AC -5.636285 -1.863725 -8.81055 -1.76512 -10.471458 -6.21126 -4.098471 -9.340484 -7.903341 -2.551182 -9.708514 -3.810558 -3.275548 -9.6466 -5.525841 -8.578838 -12.623966
AG -10.731925 -8.81055 -2.751477 -4.447761 -11.16211 -12.623966 -1.875382 -10.795072 -7.144354 -4.209563 -5.064081 -6.931339 -2.515135 -9.87146 -5.723722 -7.821932 -12.623966
AU -4.074661 -1.76512 -4.447761 3.815538 -5.432519 -2.478637 2.378175 -3.228007 -3.453948 3.275322 -4.933429 0.961078 2.029735 -4.368664 -0.086992 -2.9535 -12.623966
CA -11.704311 -10.471458 -11.16211 -5.432519 -5.867332 -9.482737 -2.230125 -8.38187 -9.157777 -4.335812 -11.056501 -6.379793 -3.119032 -8.826841 -6.053592 -8.92064 -12.623966
CC -12.429969 -6.21126 -12.623966 -2.478637 -9.482737 -3.829521 -3.461791 -4.78536 -9.189526 -2.599445 -10.701593 -5.420535 -4.260657 -7.233863 -6.022982 -5.494642 -12.623966
CG -3.845061 -4.098471 -1.875382 2.378175 -2.230125 -3.461791 5.273717 -4.135706 -4.438793 3.158465 -3.922368 0.613736 3.341084 -3.81875 1.597863 -2.139284 -12.623966
CU -11.980362 -9.340484 -10.795072 -3.228007 -8.38187 -4.78536 -4.135706 -3.389951 -8.580426 -2.544974 -6.799368 -4.267566 -3.306278 -5.039786 -5.194988 -6.134293 -12.623966
GA -9.300832 -7.903341 -7.144354 -3.453948 -9.157777 -9.189526 -4.438793 -8.580426 -2.294053 -2.009219 -10.264292 -4.739245 -3.582979 -8.439844 -7.738902 -8.368735 -12.623966
GC -5.064475 -2.551182 -4.209563 3.275322 -4.335812 -2.599445 3.158465 -2.544974 -2.009219 5.626219 -3.782482 1.901785 2.550791 -3.460343 0.827814 -2.461357 -12.623966
GG -12.138389 -9.708514 -5.064081 -4.933429 -11.056501 -10.701593 -3.922368 -6.799368 -10.264292 -3.782482 -2.588624 -4.805122 -5.070807 -9.662461 -4.295805 -7.773217 -12.623966
GU -5.664027 -3.810558 -6.931339 0.961078 -6.379793 -5.420535 0.613736 -4.267566 -4.739245 1.901785 -4.805122 2.982922 0.294576 -4.661759 -1.049846 -3.225106 -12.623966
UA -3.510552 -3.275548 -2.515135 2.029735 -3.119032 -4.260657 3.341084 -3.306278 -3.582979 2.550791 -5.070807 0.294576 4.157581 -2.96438 1.143742 -1.791042 -12.623966
UC -12.423436 -9.6466 -9.87146 -4.368664 -8.826841 -7.233863 -3.81875 -5.039786 -8.439844 -3.460343 -9.662461 -4.661759 -2.96438 -4.919261 -3.351638 -7.153551 -12.623966
UG -3.536207 -5.525841 -5.723722 -0.086992 -6.053592 -6.022982 1.597863 -5.194988 -7.738902 0.827814 -4.295805 -1.049846 1.143742 -3.351638 2.796768 -2.745327 -12.623966
UU -10.730503 -8.578838 -7.821932 -2.9535 -8.92064 -5.494642 -2.139284 -6.134293 -8.368735 -2.461357 -7.773217 -3.225106 -1.791042 -7.153551 -2.745327 -1.520796 -12.623966
NN -12.623966 -12.623966 -12.623966 -12.623966 -12.623966 -12.623966 -12.623966 -12.623966 -12.623966 -12.623966 -12.623966 -12.623966 -12.623966 -12.623966 -12.623966 -12.623966 -12.623966
