 AA AC AG AU CA CC CG CU GA GC GG GU UA UC UG UU NN
AA -2.100601 -7.881291 -8.597064 -4.6721 -9.306714 -13.889132 -4.756214 -11.926448 -6.505684 -4.79027 -9.750259 -6.067665 -4.498726 -11.485364 -6.161361 -8.970566 -14.320451
AC -7.881291 -1.945432 -9.009228 -2.105119 -9.836664 -9.140719 -5.759887 -10.6223 -10.07676 -3.751635 -11.795174 -4.54217 -5.600256 -8.64904 -7.265232 -7.818984 -14.320451
AG -8.597064 -9.009228 -0.700638 -5.542724 -10.212056 -14.320451 -4.627765 -9.186324 -9.118221 -6.153941 -5.511552 -6.866189 -5.208073 -8.26539 -5.741266 -10.341633 -14.320451
AU -4.6721 -2.105119 -5.542724 4.570415 -5.866584 -6.573584 1.590806 -5.404424 -5.72586 2.607715 -5.85899 0.496325 1.527553 -5.21521 -0.654353 -3.052231 -14.320451
CA -9.306714 -9.836664 -10.212056 -5.866584 -5.533846 -10.822629 -3.791877 -7.753226 -8.469071 -5.944223 -10.993139 -7.885612 -2.667387 -7.219968 -6.07432 -8.337097 -14.320451
CC -13.889132 -9.140719 -14.320451 -6.573584 -10.822629 -3.047401 -5.248837 -6.283066 -13.294611 -3.948486 -11.86058 -7.658321 -6.850342 -7.944295 -8.333358 -5.862389 -14.320451
CG -4.756214 -5.759887 -4.627765 1.590806 -3.791877 -5.248837 5.401351 -4.872971 -6.196287 1.986879 -4.581151 -0.436037 2.633089 -4.629531 1.204205 -3.664378 -14.320451
CU -11.926448 -10.6223 -9.186324 -5.404424 -7.753226 -6.283066 -4.872971 -1.969596 -7.162443 -5.666374 -13.35887 -5.73125 -4.364834 -3.879693 -7.355416 -4.671433 -14.320451
GA -6.505684 -10.07676 -9.118221 -5.72586 -8.469071 -13.294611 -6.196287 -7.162443 -0.989832 -4.879258 -9.251902 -6.318094 -5.955525 -6.644352 -7.580494 -11.552199 -14.320451
GC -4.79027 -3.751635 -6.153941 2.607715 -5.944223 -3.948486 1.986879 -5.666374 -4.879258 5.63393 -4.458496 1.125995 1.460123 -4.774244 -0.186433 -4.016484 -14.320451
GG -9.750259 -11.795174 -5.511552 -5.85899 -10.993139 -11.86058 -4.581151 -13.35887 -9.251902 -4.458496 -2.030731 -5.587208 -6.013031 -11.39872 -4.222031 -11.113958 -14.320451
GU -6.067665 -4.54217 -6.866189 0.496325 -7.885612 -7.658321 -0.436037 -5.73125 -6.318094 1.125995 -5.587208 3.523704 -0.688306 -5.085652 -2.134423 -4.852544 -14.320451
UA -4.498726 -5.600256 -5.208073 1.527553 -2.667387 -6.850342 2.633089 -4.364834 -5.955525 1.460123 -6.013031 -0.688306 5.021018 -3.078977 1.035093 -3.450502 -14.320451
UC -11.485364 -8.64904 -8.26539 -5.21521 -7.219968 -7.944295 -4.629531 -3.879693 -6.644352 -4.774244 -11.39872 -5.085652 -3.078977 -3.294627 -4.755745 -5.310544 -14.320451
UG -6.161361 -7.265232 -5.741266 -0.654353 -6.07432 -8.333358 1.204205 -7.355416 -7.580494 -0.186433 -4.222031 -2.134423 1.035093 -4.755745 3.419178 -4.112126 -14.320451
UU -8.970566 -7.818984 -10.341633 -3.052231 -8.337097 -5.862389 -3.664378 -4.671433 -11.552199 -4.016484 -11.113958 -4.852544 -3.450502 -5.310544 -4.112126 0.022383 -14.320451
NN -14.320451 -14.320451 -14.320451 -14.320451 -14.320451 -14.320451 -14.320451 -14.320451 -14.320451 -14.320451 -14.320451 -14.320451 -14.320451 -14.320451 -14.320451 -14.320451 -14.320451
