 AA AC AG AU CA CC CG CU GA GC GG GU UA UC UG UU NN
AA -4.360169 -9.886956 -10.276344 -4.052277 -11.44063 -14.552642 -4.631272 -13.548448 -8.075652 -5.40214 -10.814104 -7.692272 -3.833237 -13.719063 -4.557844 -10.620797 -15.935394
AC -9.886956 -2.936625 -10.69676 -1.900795 -11.639375 -9.422985 -4.286311 -11.776066 -8.282664 -1.840854 -10.902728 -5.757615 -4.81422 -9.882747 -3.914336 -9.728813 -15.935394
AG -10.276344 -10.69676 -2.456143 -6.099948 -11.765745 -15.935394 -2.231731 -10.485678 -10.536713 -5.947867 -5.039868 -7.997331 -2.016838 -9.132041 -6.831007 -11.187192 -15.935394
AU -4.052277 -1.900795 -6.099948 3.688227 -5.853737 -3.067126 2.545098 -5.285093 -4.601124 3.425398 -5.429262 0.865719 2.0756 -4.58797 0.067074 -3.475505 -15.935394
CA -11.44063 -11.639375 -11.765745 -5.853737 -7.0068 -12.448101 -3.59959 -9.357092 -8.885772 -5.688169 -12.280809 -6.868192 -3.460075 -9.019951 -7.137502 -10.286844 -15.935394
CC -14.552642 -9.422985 -15.935394 -3.067126 -12.448101 -3.859266 -4.303739 -7.591476 -13.672925 -3.708053 -12.524659 -7.714744 -6.531461 -9.703563 -8.858043 -7.741805 -15.935394
CG -4.631272 -4.286311 -2.231731 2.545098 -3.59959 -4.303739 5.558153 -4.895054 -5.994706 3.072791 -4.937507 0.860651 3.323509 -3.967729 1.255127 -3.661604 -15.935394
CU -13.548448 -11.776066 -10.485678 -5.285093 -9.357092 -7.591476 -4.895054 -3.647956 -8.238504 -2.973925 -9.962466 -5.322248 -4.011515 -5.740665 -7.642217 -6.869017 -15.935394
GA -8.075652 -8.282664 -10.536713 -4.601124 -8.885772 -13.672925 -5.994706 -8.238504 -2.752719 -2.898812 -10.770834 -5.860745 -2.885755 -8.067491 -8.573355 -11.628683 -15.935394
GC -5.40214 -1.840854 -5.947867 3.425398 -5.688169 -3.708053 3.072791 -2.973925 -2.898812 5.87738 -3.891611 1.608886 2.543003 -3.816393 0.532832 -4.111021 -15.935394
GG -10.814104 -10.902728 -5.039868 -5.429262 -12.280809 -12.524659 -4.937507 -9.962466 -10.770834 -3.891611 -2.800794 -5.404119 -6.424932 -11.312388 -5.111521 -6.160798 -15.935394
GU -7.692272 -5.757615 -7.997331 0.865719 -6.868192 -7.714744 0.860651 -5.322248 -5.860745 1.608886 -5.404119 2.944371 0.341448 -4.973322 -1.75738 -3.886287 -15.935394
UA -3.833237 -4.81422 -2.016838 2.0756 -3.460075 -6.531461 3.323509 -4.011515 -2.885755 2.543003 -6.424932 0.341448 4.187324 -2.72943 0.885529 -1.785732 -15.935394
UC -13.719063 -9.882747 -9.132041 -4.58797 -9.019951 -9.703563 -3.967729 -5.740665 -8.067491 -3.816393 -11.312388 -4.973322 -2.72943 -5.09285 -3.588962 -7.233469 -15.935394
UG -4.557844 -3.914336 -6.831007 0.067074 -7.137502 -8.858043 1.255127 -7.642217 -8.573355 0.532832 -5.111521 -1.75738 0.885529 -3.588962 2.80552 -3.271974 -15.935394
UU -10.620797 -9.728813 -11.187192 -3.475505 -10.286844 -7.741805 -3.661604 -6.869017 -11.628683 -4.111021 -6.160798 -3.886287 -1.785732 -7.233469 -3.271974 -2.028815 -15.935394
NN -15.935394 -15.935394 -15.935394 -15.935394 -15.935394 -15.935394 -15.935394 -15.935394 -15.935394 -15.935394 -15.935394 -15.935394 -15.935394 -15.935394 -15.935394 -15.935394 -15.935394
