 AA AC AG AU CA CC CG CU GA GC GG GU UA UC UG UU NN
AA -2.180504 -7.760792 -8.208174 -4.44182 -9.277856 -13.351302 -4.783192 -12.146559 -6.697184 -4.766413 -8.998177 -5.953554 -4.300645 -10.786608 -6.062633 -9.134638 -14.432787
AC -7.760792 -2.046985 -9.082678 -2.114627 -9.652563 -9.203822 -5.875237 -10.631454 -9.903595 -3.735358 -11.688518 -4.837446 -5.56911 -8.505287 -7.191024 -7.729015 -14.432787
AG -8.208174 -9.082678 -0.715592 -5.363676 -9.604964 -14.432787 -4.55098 -9.26032 -9.058524 -6.020552 -5.53713 -6.864765 -5.654128 -8.406736 -5.793716 -10.751191 -14.432787
AU -4.44182 -2.114627 -5.363676 4.557574 -5.916983 -6.727582 1.57705 -5.298597 -5.807239 2.607705 -5.722803 0.52218 1.536243 -5.071524 -0.6807 -3.045879 -14.432787
CA -9.277856 -9.652563 -9.604964 -5.916983 -5.358956 -10.987788 -3.707917 -7.650892 -8.338913 -6.064622 -11.296222 -8.129841 -2.604263 -6.92807 -5.995102 -8.369202 -14.432787
CC -13.351302 -9.203822 -14.432787 -6.727582 -10.987788 -3.160206 -5.446935 -6.232452 -13.044676 -3.901951 -12.869988 -7.675041 -7.071788 -7.823906 -8.530649 -5.802351 -14.432787
CG -4.783192 -5.875237 -4.55098 1.57705 -3.707917 -5.446935 5.398935 -4.816841 -6.289965 1.971745 -4.63148 -0.41127 2.667106 -4.799566 1.24632 -3.701958 -14.432787
CU -12.146559 -10.631454 -9.26032 -5.298597 -7.650892 -6.232452 -4.816841 -2.000962 -7.362573 -5.802466 -13.778239 -5.878536 -4.512246 -3.860327 -7.60049 -4.594216 -14.432787
GA -6.697184 -9.903595 -9.058524 -5.807239 -8.338913 -13.044676 -6.289965 -7.362573 -0.999118 -5.13948 -8.927142 -6.423727 -5.949 -6.604824 -7.719795 -11.470509 -14.432787
GC -4.766413 -3.735358 -6.020552 2.607705 -6.064622 -3.901951 1.971745 -5.802466 -5.13948 5.640128 -4.437469 1.128439 1.464531 -4.632376 -0.195928 -4.114406 -14.432787
GG -8.998177 -11.688518 -5.53713 -5.722803 -11.296222 -12.869988 -4.63148 -13.778239 -8.927142 -4.437469 -1.987972 -6.015462 -5.959561 -11.410196 -4.216847 -11.24766 -14.432787
GU -5.953554 -4.837446 -6.864765 0.52218 -8.129841 -7.675041 -0.41127 -5.878536 -6.423727 1.128439 -6.015462 3.525872 -0.680927 -5.425817 -2.144667 -4.818073 -14.432787
UA -4.300645 -5.56911 -5.654128 1.536243 -2.604263 -7.071788 2.667106 -4.512246 -5.949 1.464531 -5.959561 -0.680927 5.022265 -3.019752 1.049617 -3.461258 -14.432787
UC -10.786608 -8.505287 -8.406736 -5.071524 -6.92807 -7.823906 -4.799566 -3.860327 -6.604824 -4.632376 -11.410196 -5.425817 -3.019752 -3.244131 -4.812923 -5.417053 -14.432787
UG -6.062633 -7.191024 -5.793716 -0.6807 -5.995102 -8.530649 1.24632 -7.60049 -7.719795 -0.195928 -4.216847 -2.144667 1.049617 -4.812923 3.416278 -4.311774 -14.432787
UU -9.134638 -7.729015 -10.751191 -3.045879 -8.369202 -5.802351 -3.701958 -4.594216 -11.470509 -4.114406 -11.24766 -4.818073 -3.461258 -5.417053 -4.311774 0.063099 -14.432787
NN -14.432787 -14.432787 -14.432787 -14.432787 -14.432787 -14.432787 -14.432787 -14.432787 -14.432787 -14.432787 -14.432787 -14.432787 -14.432787 -14.432787 -14.432787 -14.432787 -14.432787
