 AA AC AG AU CA CC CG CU GA GC GG GU UA UC UG UU NN
AA -0.571692 -7.620395 -8.131055 -5.69738 -10.647195 -999.0 -7.765939 -13.173383 -6.093604 -6.400068 -9.125291 -8.253373 -5.973132 -14.173383 -8.100264 -10.84739 -999.0
AC -7.620395 -0.307018 -9.0083 -4.370261 -11.434633 -8.501001 -8.099119 -12.345534 -15.535777 -4.443204 -12.736108 -7.186887 -8.411832 -8.584249 -9.767057 -10.383289 -999.0
AG -8.131055 -9.0083 -0.356124 -7.279046 -11.109512 -14.766822 -6.288148 -13.09618 -9.472642 -8.55409 -7.340397 -9.125727 -8.19696 -12.170181 -6.565476 -10.929844 -999.0
AU -5.69738 -4.370261 -7.279046 5.211163 -8.66163 -9.923301 -1.321856 -6.119813 -9.432176 0.554872 -7.477229 -0.874302 -1.358438 -7.682849 -3.402367 -4.155083 -999.0
CA -10.647195 -11.434633 -11.109512 -8.66163 -2.368808 -10.496801 -4.256305 -9.338339 -10.143459 -7.963767 -10.362649 -9.362826 -3.828324 -11.1565 -7.39574 -10.698162 -999.0
CC -999.0 -8.501001 -14.766822 -9.923301 -10.496801 -1.519224 -5.346416 -6.700799 -13.544429 -4.965055 -12.896069 -9.291601 -8.770222 -9.771974 -9.533676 -7.857701 -999.0
CG -7.765939 -8.099119 -6.288148 -1.321856 -4.256305 -5.346416 5.79454 -5.329857 -8.786149 -1.033268 -5.665478 -2.923264 0.440695 -7.704685 -0.004106 -5.973448 -999.0
CU -13.173383 -12.345534 -13.09618 -6.119813 -9.338339 -6.700799 -5.329857 -0.889218 -12.958677 -7.327225 -12.414906 -6.318159 -7.997723 -6.417422 -8.184096 -7.420377 -999.0
GA -6.093604 -15.535777 -9.472642 -9.432176 -10.143459 -13.544429 -8.786149 -12.958677 -0.520774 -6.373766 -9.662326 -6.802432 -7.228692 -16.418108 -10.846826 -14.162504 -999.0
GC -6.400068 -4.443204 -8.55409 0.554872 -7.963767 -4.965055 -1.033268 -7.327225 -6.373766 5.892981 -5.701539 -0.130099 -2.001575 -5.253976 -3.006688 -6.099541 -999.0
GG -9.125291 -12.736108 -7.340397 -7.477229 -10.362649 -12.896069 -5.665478 -12.414906 -9.662326 -5.701539 -1.943737 -6.318412 -8.589438 -11.804852 -5.914755 -11.599875 -999.0
GU -8.253373 -7.186887 -9.125727 -0.874302 -9.362826 -9.291601 -2.923264 -6.318159 -6.802432 -0.130099 -6.318412 3.910644 -3.579939 -7.189304 -4.128432 -5.80071 -999.0
UA -5.973132 -8.411832 -8.19696 -1.358438 -3.828324 -8.770222 0.440695 -7.997723 -7.228692 -2.001575 -8.589438 -3.579939 5.4336 -5.450235 -0.905396 -4.554083 -999.0
UC -14.173383 -8.584249 -12.170181 -7.682849 -11.1565 -9.771974 -7.704685 -6.417422 -16.418108 -5.253976 -11.804852 -7.189304 -5.450235 -1.414116 -6.304673 -5.372944 -999.0
UG -8.100264 -9.767057 -6.565476 -3.402367 -7.39574 -9.533676 -0.004106 -8.184096 -10.846826 -3.006688 -5.914755 -4.128432 -0.905396 -6.304673 3.902877 -5.969089 -999.0
UU -10.84739 -10.383289 -10.929844 -4.155083 -10.698162 -7.857701 -5.973448 -7.420377 -14.162504 -6.099541 -11.599875 -5.80071 -4.554083 -5.372944 -5.969089 0.555134 -999.0
NN -999.0 -999.0 -999.0 -999.0 -999.0 -999.0 -999.0 -999.0 -999.0 -999.0 -999.0 -999.0 -999.0 -999.0 -999.0 -999.0 -999.0
