 AA AC AG AU CA CC CG CU GA GC GG GU UA UC UG UU NN
AA -3.484019 -6.412291 -9.312664 -4.523465 -10.101311 -12.964635 -3.636081 -12.199072 -7.449087 -5.351041 -8.455042 -5.978277 -2.983168 -12.378105 -3.892767 -8.738773 -13.584837
AC -6.412291 -1.708864 -9.611469 -1.607882 -9.642132 -7.735687 -4.935706 -9.646391 -6.992758 -3.055016 -9.809741 -3.981718 -3.980337 -8.494872 -6.184081 -8.083287 -13.584837
AG -9.312664 -9.611469 -1.862332 -4.891817 -10.296497 -13.584837 -2.222611 -10.787024 -8.121835 -4.968222 -4.430107 -6.569279 -2.682006 -9.131802 -5.604715 -8.814416 -13.584837
AU -4.523465 -1.607882 -4.891817 4.017664 -4.970364 -2.842289 2.234823 -3.550822 -3.669793 3.084994 -4.499787 0.875936 1.987809 -3.828648 -0.155543 -2.434395 -13.584837
CA -10.101311 -9.642132 -10.296497 -4.970364 -5.680096 -9.724619 -2.611919 -8.266815 -6.882315 -4.419982 -10.378909 -5.50895 -2.824268 -7.488029 -5.722748 -8.932053 -13.584837
CC -12.964635 -7.735687 -13.584837 -2.842289 -9.724619 -3.976851 -4.123391 -5.529151 -10.411183 -2.866613 -10.803547 -5.859241 -4.808178 -7.235248 -6.614208 -5.232669 -13.584837
CG -3.636081 -4.935706 -2.222611 2.234823 -2.611919 -4.123391 5.171987 -4.334533 -4.505876 2.963543 -4.359973 0.411896 3.115369 -4.291773 1.446362 -2.635639 -13.584837
CU -12.199072 -9.646391 -10.787024 -3.550822 -8.266815 -5.529151 -4.334533 -3.271707 -8.082518 -2.458171 -8.501217 -4.193965 -4.183226 -4.915031 -5.879447 -5.796458 -13.584837
GA -7.449087 -6.992758 -8.121835 -3.669793 -6.882315 -10.411183 -4.505876 -8.082518 -1.891743 -2.486739 -8.364182 -5.313211 -4.087128 -7.509585 -6.869944 -9.520695 -13.584837
GC -5.351041 -3.055016 -4.968222 3.084994 -4.419982 -2.866613 2.963543 -2.458171 -2.486739 5.483649 -3.801523 1.658383 2.262212 -3.805928 0.601777 -2.534059 -13.584837
GG -8.455042 -9.809741 -4.430107 -4.499787 -10.378909 -10.803547 -4.359973 -8.501217 -8.364182 -3.801523 -2.243806 -5.142877 -5.357895 -10.315362 -4.349185 -5.933621 -13.584837
GU -5.978277 -3.981718 -6.569279 0.875936 -5.50895 -5.859241 0.411896 -4.193965 -5.313211 1.658383 -5.142877 3.134709 0.168834 -4.728019 -1.243226 -2.956877 -13.584837
UA -2.983168 -3.980337 -2.682006 1.987809 -2.824268 -4.808178 3.115369 -4.183226 -4.087128 2.262212 -5.357895 0.168834 4.497698 -3.373998 1.221675 -1.70895 -13.584837
UC -12.378105 -8.494872 -9.131802 -3.828648 -7.488029 -7.235248 -4.291773 -4.915031 -7.509585 -3.805928 -10.315362 -4.728019 -3.373998 -4.641894 -4.039638 -6.84741 -13.584837
UG -3.892767 -6.184081 -5.604715 -0.155543 -5.722748 -6.614208 1.446362 -5.879447 -6.869944 0.601777 -4.349185 -1.243226 1.221675 -4.039638 3.017656 -3.230139 -13.584837
UU -8.738773 -8.083287 -8.814416 -2.434395 -8.932053 -5.232669 -2.635639 -5.796458 -9.520695 -2.534059 -5.933621 -2.956877 -1.70895 -6.84741 -3.230139 -1.181997 -13.584837
NN -13.584837 -13.584837 -13.584837 -13.584837 -13.584837 -13.584837 -13.584837 -13.584837 -13.584837 -13.584837 -13.584837 -13.584837 -13.584837 -13.584837 -13.584837 -13.584837 -13.584837
