 AA AC AG AU CA CC CG CU GA GC GG GU UA UC UG UU NN
AA -2.049125 -8.140916 -8.564523 -4.642317 -9.494304 -13.963556 -4.973187 -11.904117 -6.445345 -4.7655 -9.689188 -6.211986 -4.510242 -11.493558 -6.168048 -8.921083 -14.36653
AC -8.140916 -1.948338 -8.970537 -2.120171 -9.811402 -9.164189 -5.813112 -10.87169 -10.132513 -3.753208 -11.973868 -4.960172 -5.654945 -8.623064 -7.297499 -7.851914 -14.36653
AG -8.564523 -8.970537 -0.672402 -5.664705 -10.238004 -14.36653 -4.698553 -9.130974 -9.332369 -6.168817 -5.536181 -6.875638 -5.775041 -8.211192 -5.718985 -10.320024 -14.36653
AU -4.642317 -2.120171 -5.664705 4.59259 -5.932776 -6.807882 1.537726 -5.450218 -5.906939 2.575737 -5.900785 0.472475 1.486974 -5.260437 -0.691808 -3.092774 -14.36653
CA -9.494304 -9.811402 -10.238004 -5.932776 -5.492818 -11.0191 -3.825067 -7.700869 -8.508083 -6.046656 -11.49826 -8.112884 -2.652865 -7.179096 -6.116595 -8.314537 -14.36653
CC -13.963556 -9.164189 -14.36653 -6.807882 -11.0191 -2.983277 -5.383445 -6.327028 -13.359485 -4.015446 -11.826323 -7.926334 -7.224958 -7.911109 -8.653037 -5.921825 -14.36653
CG -4.973187 -5.813112 -4.698553 1.537726 -3.825067 -5.383445 5.422584 -4.874525 -6.284798 1.91471 -4.579616 -0.509474 2.601876 -4.611381 1.189661 -3.778193 -14.36653
CU -11.904117 -10.87169 -9.130974 -5.450218 -7.700869 -6.327028 -4.874525 -1.9094 -7.116699 -5.925387 -13.36296 -5.926554 -4.405002 -3.828091 -7.610977 -4.630779 -14.36653
GA -6.445345 -10.132513 -9.332369 -5.906939 -8.508083 -13.359485 -6.284798 -7.116699 -0.973617 -5.12617 -9.231235 -6.409237 -5.992807 -6.588393 -7.55523 -11.698869 -14.36653
GC -4.7655 -3.753208 -6.168817 2.575737 -6.046656 -4.015446 1.91471 -5.925387 -5.12617 5.651405 -4.548577 1.079603 1.3915 -4.794123 -0.21979 -4.185096 -14.36653
GG -9.689188 -11.973868 -5.536181 -5.900785 -11.49826 -11.826323 -4.579616 -13.36296 -9.231235 -4.548577 -2.010217 -5.732419 -6.095941 -11.3777 -4.191764 -11.09968 -14.36653
GU -6.211986 -4.960172 -6.875638 0.472475 -8.112884 -7.926334 -0.509474 -5.926554 -6.409237 1.079603 -5.732419 3.543487 -0.748799 -5.214749 -2.188616 -4.950433 -14.36653
UA -4.510242 -5.654945 -5.775041 1.486974 -2.652865 -7.224958 2.601876 -4.405002 -5.992807 1.3915 -6.095941 -0.748799 5.039809 -3.03849 1.014024 -3.511747 -14.36653
UC -11.493558 -8.623064 -8.211192 -5.260437 -7.179096 -7.911109 -4.611381 -3.828091 -6.588393 -4.794123 -11.3777 -5.214749 -3.03849 -3.23036 -4.796025 -5.265323 -14.36653
UG -6.168048 -7.297499 -5.718985 -0.691808 -6.116595 -8.653037 1.189661 -7.610977 -7.55523 -0.21979 -4.191764 -2.188616 1.014024 -4.796025 3.433409 -4.326561 -14.36653
UU -8.921083 -7.851914 -10.320024 -3.092774 -8.314537 -5.921825 -3.778193 -4.630779 -11.698869 -4.185096 -11.09968 -4.950433 -3.511747 -5.265323 -4.326561 0.07487 -14.36653
NN -14.36653 -14.36653 -14.36653 -14.36653 -14.36653 -14.36653 -14.36653 -14.36653 -14.36653 -14.36653 -14.36653 -14.36653 -14.36653 -14.36653 -14.36653 -14.36653 -14.36653
