 AA AC AG AU CA CC CG CU GA GC GG GU UA UC UG UU NN
AA -2.642484 -4.738011 -10.264517 -4.298291 -10.906011 -12.088517 -4.403214 -11.31134 -8.723338 -5.219596 -11.772724 -6.022409 -3.665261 -11.605181 -4.372287 -10.125719 -12.220694
AC -4.738011 -1.338073 -8.160523 -2.013534 -9.760379 -5.608832 -4.13878 -8.588886 -7.785417 -3.458983 -10.040381 -3.667258 -3.420694 -9.052139 -5.438206 -7.790813 -12.220694
AG -10.264517 -8.160523 -1.915497 -4.119927 -10.662605 -12.220694 -2.244378 -11.164028 -6.308925 -4.18483 -4.541059 -6.319082 -3.053554 -10.240442 -5.388447 -10.680126 -12.220694
AU -4.298291 -2.013534 -4.119927 4.14329 -5.749735 -3.069347 1.986824 -3.679222 -3.369301 3.139429 -5.026019 0.997625 1.809949 -4.260484 -0.292875 -3.019041 -12.220694
CA -10.906011 -9.760379 -10.662605 -5.749735 -5.037516 -8.713995 -2.569321 -7.841917 -9.163042 -4.098507 -10.571954 -6.485211 -2.851818 -8.401223 -5.702006 -8.080811 -12.220694
CC -12.088517 -5.608832 -12.220694 -3.069347 -8.713995 -3.126484 -3.168067 -4.019356 -9.441628 -2.386899 -10.753333 -5.095484 -4.034634 -6.540556 -5.500765 -4.679585 -12.220694
CG -4.403214 -4.13878 -2.244378 1.986824 -2.569321 -3.168067 5.371816 -4.542686 -4.608851 2.58929 -4.081002 0.223623 3.190998 -3.854434 1.572891 -2.444019 -12.220694
CU -11.31134 -8.588886 -11.164028 -3.679222 -7.841917 -4.019356 -4.542686 -2.739154 -8.896364 -3.481755 -10.959592 -4.021705 -3.488374 -4.932035 -6.052606 -5.28273 -12.220694
GA -8.723338 -7.785417 -6.308925 -3.369301 -9.163042 -9.441628 -4.608851 -8.896364 -1.470182 -2.478106 -9.919334 -4.616412 -3.791568 -8.793123 -7.498101 -9.412076 -12.220694
GC -5.219596 -3.458983 -4.18483 3.139429 -4.098507 -2.386899 2.58929 -3.481755 -2.478106 5.67941 -3.687965 1.797528 2.135552 -3.874247 0.371649 -2.527547 -12.220694
GG -11.772724 -10.040381 -4.541059 -5.026019 -10.571954 -10.753333 -4.081002 -10.959592 -9.919334 -3.687965 -2.888009 -4.401139 -5.029699 -11.171259 -4.137147 -8.555493 -12.220694
GU -6.022409 -3.667258 -6.319082 0.997625 -6.485211 -5.095484 0.223623 -4.021705 -4.616412 1.797528 -4.401139 3.129859 -0.133308 -4.291368 -1.71353 -3.258176 -12.220694
UA -3.665261 -3.420694 -3.053554 1.809949 -2.851818 -4.034634 3.190998 -3.488374 -3.791568 2.135552 -5.029699 -0.133308 4.41948 -3.051893 1.2007 -2.477904 -12.220694
UC -11.605181 -9.052139 -10.240442 -4.260484 -8.401223 -6.540556 -3.854434 -4.932035 -8.793123 -3.874247 -11.171259 -4.291368 -3.051893 -4.948188 -3.418617 -6.339469 -12.220694
UG -4.372287 -5.438206 -5.388447 -0.292875 -5.702006 -5.500765 1.572891 -6.052606 -7.498101 0.371649 -4.137147 -1.71353 1.2007 -3.418617 3.03819 -3.271509 -12.220694
UU -10.125719 -7.790813 -10.680126 -3.019041 -8.080811 -4.679585 -2.444019 -5.28273 -9.412076 -2.527547 -8.555493 -3.258176 -2.477904 -6.339469 -3.271509 -0.863052 -12.220694
NN -12.220694 -12.220694 -12.220694 -12.220694 -12.220694 -12.220694 -12.220694 -12.220694 -12.220694 -12.220694 -12.220694 -12.220694 -12.220694 -12.220694 -12.220694 -12.220694 -12.220694
