 AA AC AG AU CA CC CG CU GA GC GG GU UA UC UG UU NN
AA -2.597843 -8.448198 -8.814229 -5.08226 -10.060371 -13.459775 -3.875472 -12.108345 -6.613537 -5.22977 -9.674524 -6.537533 -2.487212 -12.27896 -3.545592 -8.833457 -15.165062
AC -8.448198 -1.857252 -9.599208 -1.651225 -10.546508 -8.878763 -5.473597 -10.681854 -7.17692 -2.715372 -10.390426 -4.931089 -5.61071 -8.89228 -7.178101 -8.383054 -15.165062
AG -8.814229 -9.599208 -1.31674 -6.065278 -10.649521 -15.165062 -2.57556 -9.368109 -9.397132 -6.297129 -4.22369 -7.116979 -2.825671 -8.014472 -5.826417 -9.793199 -15.165062
AU -5.08226 -1.651225 -6.065278 4.262084 -5.776269 -2.382231 2.023234 -4.176132 -3.78249 2.872243 -4.933734 0.743572 1.874413 -4.556015 -0.396932 -2.458169 -15.165062
CA -10.060371 -10.546508 -10.649521 -5.776269 -6.206968 -11.701126 -3.246396 -8.326184 -7.769548 -5.405439 -11.48712 -6.204532 -2.908152 -8.020687 -6.201089 -8.845395 -15.165062
CC -13.459775 -8.878763 -15.165062 -2.382231 -11.701126 -3.458182 -5.087787 -6.843155 -12.902592 -3.761203 -12.076861 -7.121639 -6.489105 -8.955242 -8.317665 -6.646248 -15.165062
CG -3.875472 -5.473597 -2.57556 2.023234 -3.246396 -5.087787 5.219344 -4.382516 -6.025692 2.790636 -4.720514 0.241136 2.921961 -4.34079 1.187393 -3.008471 -15.165062
CU -12.108345 -10.681854 -9.368109 -4.176132 -8.326184 -6.843155 -4.382516 -2.553416 -7.120935 -2.208595 -9.167431 -4.402741 -4.365549 -4.653833 -6.523302 -5.426223 -15.165062
GA -6.613537 -7.17692 -9.397132 -3.78249 -7.769548 -12.902592 -6.025692 -7.120935 -1.613138 -2.579099 -9.984868 -6.187513 -4.883478 -6.949921 -7.675553 -10.163877 -15.165062
GC -5.22977 -2.715372 -6.297129 2.872243 -5.405439 -3.761203 2.790636 -2.208595 -2.579099 5.485888 -4.798298 1.419419 1.877964 -4.187478 0.325437 -3.047927 -15.165062
GG -9.674524 -10.390426 -4.22369 -4.933734 -11.48712 -12.076861 -4.720514 -9.167431 -9.984868 -4.798298 -2.307611 -5.533716 -6.344891 -10.553175 -4.342521 -5.019293 -15.165062
GU -6.537533 -4.931089 -7.116979 0.743572 -6.204532 -7.121639 0.241136 -4.402741 -6.187513 1.419419 -5.533716 3.324528 0.057293 -4.604987 -1.268071 -2.570822 -15.165062
UA -2.487212 -5.61071 -2.825671 1.874413 -2.908152 -6.489105 2.921961 -4.365549 -4.883478 1.877964 -6.344891 0.057293 4.733486 -3.523005 1.045609 -1.584109 -15.165062
UC -12.27896 -8.89228 -8.014472 -4.556015 -8.020687 -8.955242 -4.34079 -4.653833 -6.949921 -4.187478 -10.553175 -4.604987 -3.523005 -4.112645 -4.218185 -5.893054 -15.165062
UG -3.545592 -7.178101 -5.826417 -0.396932 -6.201089 -8.317665 1.187393 -6.523302 -7.675553 0.325437 -4.342521 -1.268071 1.045609 -4.218185 3.194474 -3.6708 -15.165062
UU -8.833457 -8.383054 -9.793199 -2.458169 -8.845395 -6.646248 -3.008471 -5.426223 -10.163877 -3.047927 -5.019293 -2.570822 -1.584109 -5.893054 -3.6708 -0.699347 -15.165062
NN -15.165062 -15.165062 -15.165062 -15.165062 -15.165062 -15.165062 -15.165062 -15.165062 -15.165062 -15.165062 -15.165062 -15.165062 -15.165062 -15.165062 -15.165062 -15.165062 -15.165062
