 AA AC AG AU CA CC CG CU GA GC GG GU UA UC UG UU NN
AA -2.420787 -7.362206 -8.566139 -4.240807 -10.179466 -14.762892 -4.897783 -12.564175 -6.381157 -5.237142 -8.46524 -5.362397 -4.419746 -12.3752 -7.560481 -6.982944 -17.936748
AC -7.362206 -1.787599 -10.038992 -1.806986 -8.821177 -9.9339 -6.471481 -9.815214 -11.803766 -4.103912 -11.561322 -5.127572 -5.234713 -8.444198 -7.376528 -6.937692 -17.936748
AG -8.566139 -10.038992 -0.88892 -6.089926 -10.364743 -17.936748 -4.463168 -10.153611 -9.160767 -6.257779 -4.996157 -6.880832 -5.588719 -8.145666 -5.804056 -11.032962 -17.936748
AU -4.240807 -1.806986 -6.089926 4.545732 -5.751117 -7.140695 1.581681 -5.324189 -5.381405 2.64441 -5.948386 0.660272 1.50268 -4.669367 -0.549971 -2.67408 -17.936748
CA -10.179466 -8.821177 -10.364743 -5.751117 -4.707286 -13.270641 -3.468655 -8.899426 -7.046761 -6.516246 -12.303573 -7.525053 -2.417053 -6.703942 -5.475611 -8.115265 -17.936748
CC -14.762892 -9.9339 -17.936748 -7.140695 -13.270641 -3.312067 -5.94754 -5.939364 -11.871201 -3.525893 -12.201175 -8.6306 -7.26781 -6.636737 -8.644358 -4.657429 -17.936748
CG -4.897783 -6.471481 -4.463168 1.581681 -3.468655 -5.94754 5.367978 -4.742348 -6.017155 1.944474 -4.610309 -0.317015 2.676267 -5.06906 1.314146 -3.905756 -17.936748
CU -12.564175 -9.815214 -10.153611 -5.324189 -8.899426 -5.939364 -4.742348 -2.331785 -6.767644 -6.765991 -13.523385 -5.687496 -4.425848 -3.99553 -6.998041 -4.930917 -17.936748
GA -6.381157 -11.803766 -9.160767 -5.381405 -7.046761 -11.871201 -6.017155 -6.767644 -1.037241 -5.781498 -7.243181 -5.859604 -6.064656 -6.008772 -6.886125 -11.785676 -17.936748
GC -5.237142 -4.103912 -6.257779 2.64441 -6.516246 -3.525893 1.944474 -6.765991 -5.781498 5.600403 -4.309724 1.17327 1.490335 -4.961531 -0.065839 -3.85982 -17.936748
GG -8.46524 -11.561322 -4.996157 -5.948386 -12.303573 -12.201175 -4.610309 -13.523385 -7.243181 -4.309724 -2.054826 -5.544274 -5.790258 -12.137111 -4.35971 -11.505715 -17.936748
GU -5.362397 -5.127572 -6.880832 0.660272 -7.525053 -8.6306 -0.317015 -5.687496 -5.859604 1.17327 -5.544274 3.478354 -0.585638 -5.818228 -2.021518 -4.948862 -17.936748
UA -4.419746 -5.234713 -5.588719 1.50268 -2.417053 -7.26781 2.676267 -4.425848 -6.064656 1.490335 -5.790258 -0.585638 5.021989 -3.226963 1.138967 -3.298085 -17.936748
UC -12.3752 -8.444198 -8.145666 -4.669367 -6.703942 -6.636737 -5.06906 -3.99553 -6.008772 -4.961531 -12.137111 -5.818228 -3.226963 -3.346832 -5.226122 -5.749574 -17.936748
UG -7.560481 -7.376528 -5.804056 -0.549971 -5.475611 -8.644358 1.314146 -6.998041 -6.886125 -0.065839 -4.35971 -2.021518 1.138967 -5.226122 3.387026 -4.267928 -17.936748
UU -6.982944 -6.937692 -11.032962 -2.67408 -8.115265 -4.657429 -3.905756 -4.930917 -11.785676 -3.85982 -11.505715 -4.948862 -3.298085 -5.749574 -4.267928 0.116156 -17.936748
NN -17.936748 -17.936748 -17.936748 -17.936748 -17.936748 -17.936748 -17.936748 -17.936748 -17.936748 -17.936748 -17.936748 -17.936748 -17.936748 -17.936748 -17.936748 -17.936748 -17.936748
