 AA AC AG AU CA CC CG CU GA GC GG GU UA UC UG UU NN
AA -4.440319 -6.43275 -10.868632 -4.119415 -12.168313 -11.950009 -3.905748 -13.073792 -9.165628 -4.927979 -11.599261 -4.784329 -3.645801 -13.407677 -4.573276 -10.996448 -14.51664
AC -6.43275 -2.441286 -10.689428 -1.970096 -11.800014 -8.029638 -4.285291 -10.396477 -8.820816 -1.967242 -8.96263 -5.542482 -4.076586 -10.061884 -5.604215 -8.77048 -14.51664
AG -10.868632 -10.689428 -2.937225 -5.252453 -11.592776 -14.51664 -1.867297 -11.246183 -8.802127 -5.225137 -4.798858 -8.461189 -2.623399 -10.112834 -5.997456 -7.17173 -14.51664
AU -4.119415 -1.970096 -5.252453 3.572021 -5.293475 -2.016081 2.557285 -4.145471 -4.021339 3.448099 -4.776899 0.943506 2.074407 -4.38173 0.016099 -3.142817 -14.51664
CA -12.168313 -11.800014 -11.592776 -5.293475 -7.021382 -8.559584 -3.019612 -8.744694 -9.155865 -3.950636 -10.836502 -5.719794 -3.126406 -8.479838 -6.894162 -10.559221 -14.51664
CC -11.950009 -8.029638 -14.51664 -2.016081 -8.559584 -3.519524 -2.978936 -5.491704 -10.541743 -2.53426 -10.792684 -4.881508 -3.53005 -7.623436 -5.451803 -5.063224 -14.51664
CG -3.905748 -4.285291 -1.867297 2.557285 -3.019612 -2.978936 5.439588 -3.847949 -4.367927 3.317222 -3.883555 0.62156 3.527422 -3.859203 1.562799 -3.322875 -14.51664
CU -13.073792 -10.396477 -11.246183 -4.145471 -8.744694 -5.491704 -3.847949 -4.254227 -9.475743 -2.875216 -10.473138 -4.83299 -2.928727 -6.847812 -5.088961 -7.252821 -14.51664
GA -9.165628 -8.820816 -8.802127 -4.021339 -9.155865 -10.541743 -4.367927 -9.475743 -3.214236 -2.370309 -10.703145 -5.875777 -3.560168 -9.273404 -8.652758 -12.175209 -14.51664
GC -4.927979 -1.967242 -5.225137 3.448099 -3.950636 -2.53426 3.317222 -2.875216 -2.370309 5.801459 -3.325014 1.938801 2.761166 -3.540847 0.662278 -2.565574 -14.51664
GG -11.599261 -8.96263 -4.798858 -4.776899 -10.836502 -10.792684 -3.883555 -10.473138 -10.703145 -3.325014 -2.60793 -5.018976 -4.92245 -11.239632 -4.334128 -6.980118 -14.51664
GU -4.784329 -5.542482 -8.461189 0.943506 -5.719794 -4.881508 0.62156 -4.83299 -5.875777 1.938801 -5.018976 2.896175 0.440919 -5.022532 -1.196296 -4.348435 -14.51664
UA -3.645801 -4.076586 -2.623399 2.074407 -3.126406 -3.53005 3.527422 -2.928727 -3.560168 2.761166 -4.92245 0.440919 3.969391 -3.380392 1.096273 -1.98157 -14.51664
UC -13.407677 -10.061884 -10.112834 -4.38173 -8.479838 -7.623436 -3.859203 -6.847812 -9.273404 -3.540847 -11.239632 -5.022532 -3.380392 -6.251895 -3.383958 -7.808008 -14.51664
UG -4.573276 -5.604215 -5.997456 0.016099 -6.894162 -5.451803 1.562799 -5.088961 -8.652758 0.662278 -4.334128 -1.196296 1.096273 -3.383958 2.590667 -2.499327 -14.51664
UU -10.996448 -8.77048 -7.17173 -3.142817 -10.559221 -5.063224 -3.322875 -7.252821 -12.175209 -2.565574 -6.980118 -4.348435 -1.98157 -7.808008 -2.499327 -1.866694 -14.51664
NN -14.51664 -14.51664 -14.51664 -14.51664 -14.51664 -14.51664 -14.51664 -14.51664 -14.51664 -14.51664 -14.51664 -14.51664 -14.51664 -14.51664 -14.51664 -14.51664 -14.51664
