 AA AC AG AU CA CC CG CU GA GC GG GU UA UC UG UU NN
AA -1.493935 -6.588836 -8.500021 -4.18278 -10.042566 -14.091917 -5.234852 -11.921668 -7.046221 -5.307709 -9.355654 -5.097424 -4.372992 -13.799867 -7.068243 -6.593389 -16.077085
AC -6.588836 -1.164718 -9.860085 -2.067186 -9.746553 -8.882265 -6.221344 -11.482 -11.846948 -3.947092 -11.323873 -5.495331 -5.425515 -8.741805 -7.150313 -6.274099 -16.077085
AG -8.500021 -9.860085 -0.826844 -6.332342 -9.819573 -16.077085 -4.339185 -10.301193 -9.679349 -6.344155 -4.732347 -7.651681 -5.620412 -8.516861 -5.466282 -11.23657 -16.077085
AU -4.18278 -2.067186 -6.332342 4.755975 -6.236237 -7.004119 1.197294 -5.620412 -5.528984 2.359674 -6.197956 0.48956 0.984262 -5.181461 -1.050359 -2.3287 -16.077085
CA -10.042566 -9.746553 -9.819573 -6.236237 -3.545885 -11.478672 -3.384932 -8.191062 -6.763225 -6.336659 -11.282867 -7.403618 -2.446434 -7.219356 -5.924474 -8.234853 -16.077085
CC -14.091917 -8.882265 -16.077085 -7.004119 -11.478672 -2.479614 -5.599787 -5.202217 -11.47081 -3.813375 -10.906417 -8.616941 -6.721962 -8.847798 -8.653651 -4.629062 -16.077085
CG -5.234852 -6.221344 -4.339185 1.197294 -3.384932 -5.599787 5.517046 -4.807085 -6.546967 1.643471 -4.47519 -0.662007 2.388534 -5.186156 1.166761 -4.009255 -16.077085
CU -11.921668 -11.482 -10.301193 -5.620412 -8.191062 -5.202217 -4.807085 -1.641152 -7.043837 -6.755622 -11.846753 -5.637494 -4.207099 -4.544631 -7.791237 -5.013842 -16.077085
GA -7.046221 -11.846948 -9.679349 -5.528984 -6.763225 -11.47081 -6.546967 -7.043837 -0.972969 -5.73763 -6.26696 -6.319974 -6.186459 -5.977221 -7.711385 -11.743427 -16.077085
GC -5.307709 -3.947092 -6.344155 2.359674 -6.336659 -3.813375 1.643471 -6.755622 -5.73763 5.699463 -4.244981 1.049778 1.066024 -4.951512 -0.385619 -3.992258 -16.077085
GG -9.355654 -11.323873 -4.732347 -6.197956 -11.282867 -10.906417 -4.47519 -11.846753 -6.26696 -4.244981 -2.130091 -5.051495 -6.121692 -12.153367 -4.183017 -10.720435 -16.077085
GU -5.097424 -5.495331 -7.651681 0.48956 -7.403618 -8.616941 -0.662007 -5.637494 -6.319974 1.049778 -5.051495 3.54034 -1.076911 -5.398403 -2.105035 -5.261067 -16.077085
UA -4.372992 -5.425515 -5.620412 0.984262 -2.446434 -6.721962 2.388534 -4.207099 -6.186459 1.066024 -6.121692 -1.076911 5.098306 -3.268615 0.756531 -3.38199 -16.077085
UC -13.799867 -8.741805 -8.516861 -5.181461 -7.219356 -8.847798 -5.186156 -4.544631 -5.977221 -4.951512 -12.153367 -5.398403 -3.268615 -3.134001 -5.352847 -5.203088 -16.077085
UG -7.068243 -7.150313 -5.466282 -1.050359 -5.924474 -8.653651 1.166761 -7.791237 -7.711385 -0.385619 -4.183017 -2.105035 0.756531 -5.352847 3.494854 -4.218155 -16.077085
UU -6.593389 -6.274099 -11.23657 -2.3287 -8.234853 -4.629062 -4.009255 -5.013842 -11.743427 -3.992258 -10.720435 -5.261067 -3.38199 -5.203088 -4.218155 0.051696 -16.077085
NN -16.077085 -16.077085 -16.077085 -16.077085 -16.077085 -16.077085 -16.077085 -16.077085 -16.077085 -16.077085 -16.077085 -16.077085 -16.077085 -16.077085 -16.077085 -16.077085 -16.077085
