 AA AC AG AU CA CC CG CU GA GC GG GU UA UC UG UU NN
AA -2.831487 -8.539117 -9.168296 -4.957916 -9.968992 -13.480223 -3.826973 -11.937374 -6.942731 -5.186195 -9.662051 -6.423717 -2.488958 -11.831246 -3.645382 -8.885911 -14.748927
AC -8.539117 -2.061829 -9.337377 -1.622947 -10.359887 -8.795369 -5.35361 -10.612219 -7.669019 -2.704731 -10.140637 -4.680644 -5.410087 -8.904436 -7.122467 -8.296081 -14.748927
AG -9.168296 -9.337377 -1.331927 -5.885725 -10.348283 -14.748927 -2.561878 -9.496282 -9.632756 -6.115915 -4.364394 -7.081438 -2.84425 -7.961468 -5.780405 -9.532652 -14.748927
AU -4.957916 -1.622947 -5.885725 4.223435 -5.613792 -2.48067 2.053064 -4.124775 -3.857971 2.887893 -4.80424 0.740996 1.902913 -4.298961 -0.378036 -2.395046 -14.748927
CA -9.968992 -10.359887 -10.348283 -5.613792 -6.184192 -11.362719 -3.135963 -8.336903 -7.985547 -5.343377 -11.459961 -6.093898 -2.898118 -7.828195 -6.099321 -8.870741 -14.748927
CC -13.480223 -8.795369 -14.748927 -2.48067 -11.362719 -3.693212 -5.022648 -6.95436 -12.695849 -3.703166 -11.710074 -6.989139 -6.31568 -8.563334 -8.233952 -6.509941 -14.748927
CG -3.826973 -5.35361 -2.561878 2.053064 -3.135963 -5.022648 5.213956 -4.329431 -5.853148 2.815931 -4.661594 0.254753 2.954542 -4.274118 1.22168 -3.039937 -14.748927
CU -11.937374 -10.612219 -9.496282 -4.124775 -8.336903 -6.95436 -4.329431 -2.676765 -7.600745 -2.197285 -9.314399 -4.452391 -4.323365 -4.57763 -6.417605 -5.396506 -14.748927
GA -6.942731 -7.669019 -9.632756 -3.857971 -7.985547 -12.695849 -5.853148 -7.600745 -1.651142 -2.606658 -9.515143 -6.237218 -4.740261 -7.139285 -7.630765 -9.786246 -14.748927
GC -5.186195 -2.704731 -6.115915 2.887893 -5.343377 -3.703166 2.815931 -2.197285 -2.606658 5.498664 -4.645449 1.424726 1.934197 -4.064911 0.313828 -2.945166 -14.748927
GG -9.662051 -10.140637 -4.364394 -4.80424 -11.459961 -11.710074 -4.661594 -9.314399 -9.515143 -4.645449 -2.191393 -5.524698 -6.224537 -10.719295 -4.283598 -5.026365 -14.748927
GU -6.423717 -4.680644 -7.081438 0.740996 -6.093898 -6.989139 0.254753 -4.452391 -6.237218 1.424726 -5.524698 3.307115 0.089239 -4.568633 -1.330194 -2.623344 -14.748927
UA -2.488958 -5.410087 -2.84425 1.902913 -2.898118 -6.31568 2.954542 -4.323365 -4.740261 1.934197 -6.224537 0.089239 4.71498 -3.544316 1.046305 -1.582196 -14.748927
UC -11.831246 -8.904436 -7.961468 -4.298961 -7.828195 -8.563334 -4.274118 -4.57763 -7.139285 -4.064911 -10.719295 -4.568633 -3.544316 -3.989025 -4.245609 -6.023394 -14.748927
UG -3.645382 -7.122467 -5.780405 -0.378036 -6.099321 -8.233952 1.22168 -6.417605 -7.630765 0.313828 -4.283598 -1.330194 1.046305 -4.245609 3.181665 -3.687042 -14.748927
UU -8.885911 -8.296081 -9.532652 -2.395046 -8.870741 -6.509941 -3.039937 -5.396506 -9.786246 -2.945166 -5.026365 -2.623344 -1.582196 -6.023394 -3.687042 -0.734533 -14.748927
NN -14.748927 -14.748927 -14.748927 -14.748927 -14.748927 -14.748927 -14.748927 -14.748927 -14.748927 -14.748927 -14.748927 -14.748927 -14.748927 -14.748927 -14.748927 -14.748927 -14.748927
