 AA AC AG AU CA CC CG CU GA GC GG GU UA UC UG UU NN
AA -2.398405 -8.160518 -8.861364 -4.807741 -9.58813 -13.608106 -3.975121 -12.129642 -6.692055 -4.976553 -9.606833 -6.249705 -3.245258 -11.640806 -4.459871 -9.038842 -14.491344
AC -8.160518 -1.947842 -9.199015 -1.889001 -10.071357 -9.234902 -5.585179 -10.735228 -8.496643 -3.23384 -10.854231 -4.453133 -5.521056 -8.735901 -7.156176 -8.107104 -14.491344
AG -8.861364 -9.199015 -0.948271 -5.695509 -10.35063 -14.491344 -3.330458 -9.396429 -9.335855 -6.168498 -4.815558 -6.896 -3.52196 -8.2876 -5.778281 -9.939378 -14.491344
AU -4.807741 -1.889001 -5.695509 4.425881 -5.811566 -3.591792 1.820199 -4.568803 -4.509269 2.740363 -5.439207 0.625998 1.725961 -4.836475 -0.516697 -2.795903 -14.491344
CA -9.58813 -10.071357 -10.35063 -5.811566 -5.809909 -11.081832 -3.320662 -7.958789 -8.332714 -5.58518 -11.164083 -6.710413 -2.811447 -7.465475 -6.109627 -8.50057 -14.491344
CC -13.608106 -9.234902 -14.491344 -3.591792 -11.081832 -3.330693 -4.914767 -6.573188 -13.017428 -3.890686 -11.776271 -7.245419 -6.507034 -8.198857 -8.333755 -6.12758 -14.491344
CG -3.975121 -5.585179 -3.330458 1.820199 -3.320662 -4.914767 5.314699 -4.598924 -5.973277 2.410081 -4.680988 -0.096976 2.777307 -4.496078 1.206977 -3.291503 -14.491344
CU -12.129642 -10.735228 -9.396429 -4.568803 -7.958789 -6.573188 -4.598924 -2.273064 -7.343585 -3.179695 -10.35004 -5.106654 -4.486256 -4.182472 -6.941802 -4.980148 -14.491344
GA -6.692055 -8.496643 -9.335855 -4.509269 -8.332714 -13.017428 -5.973277 -7.343585 -1.266849 -3.332609 -9.458262 -6.185283 -5.105201 -6.861383 -7.534604 -10.647666 -14.491344
GC -4.976553 -3.23384 -6.168498 2.740363 -5.58518 -3.890686 2.410081 -3.179695 -3.332609 5.568632 -4.571013 1.278259 1.691223 -4.519384 0.067358 -3.475411 -14.491344
GG -9.606833 -10.854231 -4.815558 -5.439207 -11.164083 -11.776271 -4.680988 -10.35004 -9.458262 -4.571013 -2.096109 -5.440491 -6.113092 -11.031043 -4.343289 -6.429381 -14.491344
GU -6.249705 -4.453133 -6.896 0.625998 -6.710413 -7.245419 -0.096976 -5.106654 -6.185283 1.278259 -5.440491 3.422641 -0.289998 -4.818993 -1.742724 -3.270827 -14.491344
UA -3.245258 -5.521056 -3.52196 1.725961 -2.811447 -6.507034 2.777307 -4.486256 -5.105201 1.691223 -6.113092 -0.289998 4.887746 -3.2981 1.035553 -2.299337 -14.491344
UC -11.640806 -8.735901 -8.2876 -4.836475 -7.465475 -8.198857 -4.496078 -4.182472 -6.861383 -4.519384 -11.031043 -4.818993 -3.2981 -3.595573 -4.393581 -5.613375 -14.491344
UG -4.459871 -7.156176 -5.778281 -0.516697 -6.109627 -8.333755 1.206977 -6.941802 -7.534604 0.067358 -4.343289 -1.742724 1.035553 -4.393581 3.319488 -3.853691 -14.491344
UU -9.038842 -8.107104 -9.939378 -2.795903 -8.50057 -6.12758 -3.291503 -4.980148 -10.647666 -3.475411 -6.429381 -3.270827 -2.299337 -5.613375 -3.853691 -0.295686 -14.491344
NN -14.491344 -14.491344 -14.491344 -14.491344 -14.491344 -14.491344 -14.491344 -14.491344 -14.491344 -14.491344 -14.491344 -14.491344 -14.491344 -14.491344 -14.491344 -14.491344 -14.491344
