 AA AC AG AU CA CC CG CU GA GC GG GU UA UC UG UU NN
AA -1.776769 -8.21966 -8.095747 -4.6918 -9.998027 -14.37905 -5.194201 -12.092292 -6.039659 -4.778613 -9.609601 -6.40734 -4.721621 -11.964454 -6.364036 -8.577873 -14.918717
AC -8.21966 -1.774872 -9.242487 -2.077355 -9.9829 -9.289855 -5.934002 -11.002777 -10.289245 -3.809258 -12.4629 -5.906857 -6.007717 -8.588914 -7.646698 -8.015605 -14.918717
AG -8.095747 -9.242487 -0.618813 -5.959289 -10.630027 -14.918717 -4.882203 -8.834535 -9.292952 -6.415083 -5.527211 -6.95545 -6.611131 -8.222287 -5.745292 -10.584982 -14.918717
AU -4.6918 -2.077355 -5.959289 4.643804 -6.138359 -7.141287 1.421995 -5.794541 -6.221395 2.527349 -6.235025 0.427455 1.355535 -5.484047 -0.746116 -3.096064 -14.918717
CA -9.998027 -9.9829 -10.630027 -6.138359 -5.481492 -11.563426 -3.924079 -7.532444 -8.628381 -6.243372 -11.690768 -8.519825 -2.616026 -7.336147 -6.290394 -8.294323 -14.918717
CC -14.37905 -9.289855 -14.918717 -7.141287 -11.563426 -2.669818 -5.437772 -6.211409 -13.817179 -4.136258 -12.360221 -8.30814 -7.444504 -8.356594 -9.019825 -6.101083 -14.918717
CG -5.194201 -5.934002 -4.882203 1.421995 -3.924079 -5.437772 5.466478 -4.882976 -6.596935 1.74642 -4.527589 -0.620214 2.522475 -4.600895 1.139977 -4.024044 -14.918717
CU -12.092292 -11.002777 -8.834535 -5.794541 -7.532444 -6.211409 -4.882976 -1.736531 -6.529967 -6.213935 -13.453795 -6.451794 -4.337585 -3.910303 -8.00789 -4.631609 -14.918717
GA -6.039659 -10.289245 -9.292952 -6.221395 -8.628381 -13.817179 -6.596935 -6.529967 -0.921867 -5.496549 -9.563245 -6.7124 -6.097262 -6.296579 -7.6923 -11.821641 -14.918717
GC -4.778613 -3.809258 -6.415083 2.527349 -6.243372 -4.136258 1.74642 -6.213935 -5.496549 5.672428 -4.823187 1.006945 1.247458 -4.866343 -0.249982 -4.3645 -14.918717
GG -9.609601 -12.4629 -5.527211 -6.235025 -11.690768 -12.360221 -4.527589 -13.453795 -9.563245 -4.823187 -2.091181 -5.837592 -6.306351 -11.836524 -4.136046 -11.736709 -14.918717
GU -6.40734 -5.906857 -6.95545 0.427455 -8.519825 -8.30814 -0.620214 -6.451794 -6.7124 1.006945 -5.837592 3.578574 -0.883779 -5.533098 -2.157784 -5.067138 -14.918717
UA -4.721621 -6.007717 -6.611131 1.355535 -2.616026 -7.444504 2.522475 -4.337585 -6.097262 1.247458 -6.306351 -0.883779 5.068534 -2.978943 0.967331 -3.728109 -14.918717
UC -11.964454 -8.588914 -8.222287 -5.484047 -7.336147 -8.356594 -4.600895 -3.910303 -6.296579 -4.866343 -11.836524 -5.533098 -2.978943 -3.298991 -5.073514 -5.102008 -14.918717
UG -6.364036 -7.646698 -5.745292 -0.746116 -6.290394 -9.019825 1.139977 -8.00789 -7.6923 -0.249982 -4.136046 -2.157784 0.967331 -5.073514 3.458506 -4.606547 -14.918717
UU -8.577873 -8.015605 -10.584982 -3.096064 -8.294323 -6.101083 -4.024044 -4.631609 -11.821641 -4.3645 -11.736709 -5.067138 -3.728109 -5.102008 -4.606547 0.13249 -14.918717
NN -14.918717 -14.918717 -14.918717 -14.918717 -14.918717 -14.918717 -14.918717 -14.918717 -14.918717 -14.918717 -14.918717 -14.918717 -14.918717 -14.918717 -14.918717 -14.918717 -14.918717
