 AA AC AG AU CA CC CG CU GA GC GG GU UA UC UG UU NN
AA -3.30335 -9.009673 -9.409212 -4.103263 -10.554763 -14.29857 -4.569732 -13.062885 -7.305467 -5.701685 -10.362414 -7.224872 -4.182644 -12.995828 -5.075704 -9.921831 -15.400596
AC -9.009673 -2.448567 -10.198572 -1.795507 -10.97836 -9.70284 -4.587182 -11.506285 -8.811058 -3.10408 -11.121485 -5.304573 -5.027525 -9.410079 -3.890805 -9.118585 -15.400596
AG -9.409212 -10.198572 -1.684157 -5.669991 -11.425047 -15.400596 -2.328557 -9.913212 -9.829854 -5.744367 -5.18581 -7.438046 -2.534307 -9.081685 -6.494342 -10.956333 -15.400596
AU -4.103263 -1.795507 -5.669991 4.064633 -5.859267 -3.995976 2.160476 -5.301371 -4.602744 3.16195 -5.833144 0.848889 2.005489 -4.758863 -0.112501 -3.555553 -15.400596
CA -10.554763 -10.97836 -11.425047 -5.859267 -6.253371 -11.928949 -3.802437 -8.597128 -9.024553 -5.953317 -11.704666 -7.42445 -3.157495 -8.352401 -6.743209 -9.415098 -15.400596
CC -14.29857 -9.70284 -15.400596 -3.995976 -11.928949 -3.371617 -5.183804 -6.953048 -13.747202 -3.817479 -12.49462 -7.828479 -6.795402 -9.101805 -8.91108 -6.971793 -15.400596
CG -4.569732 -4.587182 -2.328557 2.160476 -3.802437 -5.183804 5.519185 -5.054001 -5.678694 2.643536 -4.913453 0.565337 3.009785 -4.844223 1.177336 -3.908748 -15.400596
CU -13.062885 -11.506285 -9.913212 -5.301371 -8.597128 -6.953048 -5.054001 -2.857147 -7.563512 -3.590601 -10.602092 -5.704373 -4.000479 -4.964893 -7.70187 -5.931243 -15.400596
GA -7.305467 -8.811058 -9.829854 -4.602744 -9.024553 -13.747202 -5.678694 -7.563512 -1.978804 -3.4048 -10.356616 -5.271054 -3.129751 -7.366144 -8.056921 -11.774255 -15.400596
GC -5.701685 -3.10408 -5.744367 3.16195 -5.953317 -3.817479 2.643536 -3.590601 -3.4048 5.794396 -4.690315 1.387663 2.16878 -4.858882 0.309373 -4.238154 -15.400596
GG -10.362414 -11.121485 -5.18581 -5.833144 -11.704666 -12.49462 -4.913453 -10.602092 -10.356616 -4.690315 -2.540813 -4.93988 -6.425676 -11.498719 -4.851336 -7.088742 -15.400596
GU -7.224872 -5.304573 -7.438046 0.848889 -7.42445 -7.828479 0.565337 -5.704373 -5.271054 1.387663 -4.93988 3.152752 -0.041543 -5.5248 -2.174632 -4.052508 -15.400596
UA -4.182644 -5.027525 -2.534307 2.005489 -3.157495 -6.795402 3.009785 -4.000479 -3.129751 2.16878 -6.425676 -0.041543 4.514432 -3.124966 0.963747 -1.837016 -15.400596
UC -12.995828 -9.410079 -9.081685 -4.758863 -8.352401 -9.101805 -4.844223 -4.964893 -7.366144 -4.858882 -11.498719 -5.5248 -3.124966 -4.309938 -3.167644 -6.355224 -15.400596
UG -5.075704 -3.890805 -6.494342 -0.112501 -6.743209 -8.91108 1.177336 -7.70187 -8.056921 0.309373 -4.851336 -2.174632 0.963747 -3.167644 3.048976 -3.723652 -15.400596
UU -9.921831 -9.118585 -10.956333 -3.555553 -9.415098 -6.971793 -3.908748 -5.931243 -11.774255 -4.238154 -7.088742 -4.052508 -1.837016 -6.355224 -3.723652 -1.369468 -15.400596
NN -15.400596 -15.400596 -15.400596 -15.400596 -15.400596 -15.400596 -15.400596 -15.400596 -15.400596 -15.400596 -15.400596 -15.400596 -15.400596 -15.400596 -15.400596 -15.400596 -15.400596
