 AA AC AG AU CA CC CG CU GA GC GG GU UA UC UG UU NN
AA -2.182248 -8.105162 -8.473133 -4.900448 -9.683515 -13.580916 -4.058006 -12.145918 -6.366265 -5.004069 -9.632387 -6.31528 -3.176613 -12.063067 -4.272793 -8.836877 -14.870387
AC -8.105162 -1.751697 -9.494616 -1.871638 -10.276124 -9.206426 -5.666663 -10.795614 -8.110652 -3.246006 -11.155857 -4.714189 -5.742968 -8.698428 -7.23468 -8.198066 -14.870387
AG -8.473133 -9.494616 -0.95367 -5.874845 -10.701545 -14.870387 -3.288916 -9.191416 -9.083894 -6.320889 -4.653239 -6.925024 -3.472497 -8.372222 -5.814026 -10.151362 -14.870387
AU -4.900448 -1.871638 -5.874845 4.452236 -5.973353 -3.368235 1.800738 -4.583859 -4.391377 2.726621 -5.58166 0.623563 1.686915 -5.012036 -0.532092 -2.780285 -14.870387
CA -9.683515 -10.276124 -10.701545 -5.973353 -5.841766 -11.437214 -3.389034 -7.960406 -8.295827 -5.620312 -11.180111 -6.855853 -2.81717 -7.682525 -6.222351 -8.506495 -14.870387
CC -13.580916 -9.206426 -14.870387 -3.368235 -11.437214 -3.106933 -4.952081 -6.494677 -13.243639 -3.94826 -12.186574 -7.371688 -6.670109 -8.614506 -8.451012 -6.274101 -14.870387
CG -4.058006 -5.666663 -3.288916 1.800738 -3.389034 -4.952081 5.320237 -4.679435 -6.172288 2.402372 -4.678703 -0.086457 2.744582 -4.53568 1.176104 -3.23021 -14.870387
CU -12.145918 -10.795614 -9.191416 -4.583859 -7.960406 -6.494677 -4.679435 -2.172023 -6.867516 -3.107219 -10.078537 -5.058632 -4.461173 -4.288126 -6.9922 -5.027712 -14.870387
GA -6.366265 -8.110652 -9.083894 -4.391377 -8.295827 -13.243639 -6.172288 -6.867516 -1.248026 -3.248693 -9.835116 -6.149734 -5.220539 -6.680234 -7.610919 -10.838014 -14.870387
GC -5.004069 -3.246006 -6.320889 2.726621 -5.620312 -3.94826 2.402372 -3.107219 -3.248693 5.557542 -4.724941 1.274408 1.647336 -4.557121 0.097222 -3.554583 -14.870387
GG -9.632387 -11.155857 -4.653239 -5.58166 -11.180111 -12.186574 -4.678703 -10.078537 -9.835116 -4.724941 -2.209568 -5.465874 -6.244791 -10.997915 -4.367469 -6.385135 -14.870387
GU -6.31528 -4.714189 -6.925024 0.623563 -6.855853 -7.371688 -0.086457 -5.058632 -6.149734 1.274408 -5.465874 3.434061 -0.324241 -4.852093 -1.645505 -3.159076 -14.870387
UA -3.176613 -5.742968 -3.472497 1.686915 -2.81717 -6.670109 2.744582 -4.461173 -5.220539 1.647336 -6.244791 -0.324241 4.892915 -3.292465 1.022329 -2.269767 -14.870387
UC -12.063067 -8.698428 -8.372222 -5.012036 -7.682525 -8.614506 -4.53568 -4.288126 -6.680234 -4.557121 -10.997915 -4.852093 -3.292465 -3.759512 -4.365558 -5.50452 -14.870387
UG -4.272793 -7.23468 -5.814026 -0.532092 -6.222351 -8.451012 1.176104 -6.9922 -7.610919 0.097222 -4.367469 -1.645505 1.022329 -4.365558 3.324007 -3.844579 -14.870387
UU -8.836877 -8.198066 -10.151362 -2.780285 -8.506495 -6.274101 -3.23021 -5.027712 -10.838014 -3.554583 -6.385135 -3.159076 -2.269767 -5.50452 -3.844579 -0.292617 -14.870387
NN -14.870387 -14.870387 -14.870387 -14.870387 -14.870387 -14.870387 -14.870387 -14.870387 -14.870387 -14.870387 -14.870387 -14.870387 -14.870387 -14.870387 -14.870387 -14.870387 -14.870387
