 AA AC AG AU CA CC CG CU GA GC GG GU UA UC UG UU NN
AA -2.598037 -8.449224 -8.815276 -5.079206 -10.061397 -13.460086 -3.875804 -12.109546 -6.614585 -5.230103 -9.674878 -6.526971 -2.487481 -12.280161 -3.546815 -8.835549 -15.164679
AC -8.449224 -1.857563 -9.599541 -1.652426 -10.546819 -8.878359 -5.473214 -10.68234 -7.177253 -2.714989 -10.390065 -4.931597 -5.603504 -8.892766 -7.178609 -8.38443 -15.164679
AG -8.815276 -9.599541 -1.317094 -6.057996 -10.649854 -15.164679 -2.5752 -9.368617 -9.397486 -6.296769 -4.223351 -7.117509 -2.826894 -8.01498 -5.826946 -9.794597 -15.164679
AU -5.079206 -1.652426 -6.057996 4.262385 -5.77747 -2.382717 2.022763 -4.177508 -3.783713 2.871837 -4.934264 0.742611 1.873105 -4.552733 -0.397559 -2.459369 -15.164679
CA -10.061397 -10.546819 -10.649854 -5.77747 -6.207279 -11.700722 -3.246014 -8.263066 -7.769881 -5.405057 -11.486759 -6.20504 -2.908058 -8.021173 -6.201597 -8.846772 -15.164679
CC -13.460086 -8.878359 -15.164679 -2.382717 -11.700722 -3.457062 -5.086689 -6.842926 -12.90221 -3.760105 -12.075785 -7.121431 -6.489591 -8.955013 -8.317457 -6.646909 -15.164679
CG -3.875804 -5.473214 -2.5752 2.022763 -3.246014 -5.086689 5.220427 -4.382309 -6.025331 2.791712 -4.71946 0.241321 2.921611 -4.340583 1.187635 -3.009154 -15.164679
CU -12.109546 -10.68234 -9.368617 -4.177508 -8.263066 -6.842926 -4.382309 -2.554077 -7.121443 -2.208388 -9.167246 -4.403424 -4.362843 -4.654494 -6.523985 -5.427775 -15.164679
GA -6.614585 -7.177253 -9.397486 -3.783713 -7.769881 -12.90221 -6.025331 -7.121443 -1.613492 -2.578738 -9.984528 -6.188043 -4.884701 -6.950429 -7.676082 -10.165275 -15.164679
GC -5.230103 -2.714989 -6.296769 2.871837 -5.405057 -3.760105 2.791712 -2.208388 -2.578738 5.487023 -4.797244 1.41975 1.877578 -4.18727 0.325623 -3.04861 -15.164679
GG -9.674878 -10.390065 -4.223351 -4.934264 -11.486759 -12.075785 -4.71946 -9.167246 -9.984528 -4.797244 -2.306579 -5.533553 -6.34542 -10.552989 -4.342357 -5.019997 -15.164679
GU -6.526971 -4.931597 -7.117509 0.742611 -6.20504 -7.121431 0.241321 -4.403424 -6.188043 1.41975 -5.533553 3.324102 0.056177 -4.605671 -1.268776 -2.570396 -15.164679
UA -2.487481 -5.603504 -2.826894 1.873105 -2.908058 -6.489591 2.921611 -4.362843 -4.884701 1.877578 -6.34542 0.056177 4.733413 -3.524381 1.044637 -1.585793 -15.164679
UC -12.280161 -8.892766 -8.01498 -4.552733 -8.021173 -8.955013 -4.340583 -4.654494 -6.950429 -4.18727 -10.552989 -4.605671 -3.524381 -4.113306 -4.215672 -5.894605 -15.164679
UG -3.546815 -7.178609 -5.826946 -0.397559 -6.201597 -8.317457 1.187635 -6.523985 -7.676082 0.325623 -4.342357 -1.268776 1.044637 -4.215672 3.19388 -3.672374 -15.164679
UU -8.835549 -8.38443 -9.794597 -2.459369 -8.846772 -6.646909 -3.009154 -5.427775 -10.165275 -3.04861 -5.019997 -2.570396 -1.585793 -5.894605 -3.672374 -0.701789 -15.164679
NN -15.164679 -15.164679 -15.164679 -15.164679 -15.164679 -15.164679 -15.164679 -15.164679 -15.164679 -15.164679 -15.164679 -15.164679 -15.164679 -15.164679 -15.164679 -15.164679 -15.164679
