 AA AC AG AU CA CC CG CU GA GC GG GU UA UC UG UU NN
AA -3.950241 -6.045689 -10.483146 -4.19409 -11.780467 -11.834373 -4.357584 -12.659909 -8.779481 -5.385908 -11.351091 -5.487456 -3.768936 -13.036874 -4.594417 -10.456564 -14.332718
AC -6.045689 -2.159951 -10.482579 -1.792419 -11.512428 -8.338311 -5.0012 -10.107528 -8.537404 -2.418827 -8.787449 -5.501427 -4.182303 -9.851748 -5.376799 -8.379093 -14.332718
AG -10.483146 -10.482579 -2.655489 -4.988012 -11.428816 -14.332718 -1.731802 -11.072133 -8.519658 -5.119463 -4.620636 -8.21153 -2.550177 -9.841171 -5.855941 -7.376375 -14.332718
AU -4.19409 -1.792419 -4.988012 3.798183 -5.439159 -2.325028 2.390007 -4.125554 -3.719296 3.377195 -4.583541 0.957175 2.054112 -4.303864 -0.092077 -3.132634 -14.332718
CA -11.780467 -11.512428 -11.428816 -5.439159 -6.733838 -8.373277 -3.126577 -8.431407 -8.886451 -3.958369 -10.749252 -5.97396 -3.119312 -8.166498 -6.694278 -10.11916 -14.332718
CC -11.834373 -8.338311 -14.332718 -2.325028 -8.373277 -3.434434 -3.138265 -5.279615 -10.360949 -2.484224 -10.714903 -4.744628 -3.373935 -7.411343 -5.280133 -4.725694 -14.332718
CG -4.357584 -5.0012 -1.731802 2.390007 -3.126577 -3.138265 5.353337 -3.794277 -4.225648 3.053586 -4.05536 0.388681 3.427027 -3.838646 1.445303 -3.258778 -14.332718
CU -12.659909 -10.107528 -11.072133 -4.125554 -8.431407 -5.279615 -3.794277 -3.915136 -9.16527 -2.891047 -10.476118 -4.648006 -3.205661 -6.51352 -5.986359 -6.872772 -14.332718
GA -8.779481 -8.537404 -8.519658 -3.719296 -8.886451 -10.360949 -4.225648 -9.16527 -2.931687 -2.575886 -10.616073 -5.592286 -3.346139 -8.96276 -8.571569 -11.749707 -14.332718
GC -5.385908 -2.418827 -5.119463 3.377195 -3.958369 -2.484224 3.053586 -2.891047 -2.575886 5.687113 -3.461352 1.867335 2.554204 -3.956819 0.539629 -3.072616 -14.332718
GG -11.351091 -8.787449 -4.620636 -4.583541 -10.749252 -10.714903 -4.05536 -10.476118 -10.616073 -3.461352 -2.53421 -4.834879 -5.074433 -11.033951 -4.167146 -6.652968 -14.332718
GU -5.487456 -5.501427 -8.21153 0.957175 -5.97396 -4.744628 0.388681 -4.648006 -5.592286 1.867335 -4.834879 2.97217 0.270165 -5.282407 -1.398927 -4.010369 -14.332718
UA -3.768936 -4.182303 -2.550177 2.054112 -3.119312 -3.373935 3.427027 -3.205661 -3.346139 2.554204 -5.074433 0.270165 4.212851 -3.175316 1.149664 -1.85124 -14.332718
UC -13.036874 -9.851748 -9.841171 -4.303864 -8.166498 -7.411343 -3.838646 -6.51352 -8.96276 -3.956819 -11.033951 -5.282407 -3.175316 -5.912886 -3.570818 -7.348755 -14.332718
UG -4.594417 -5.376799 -5.855941 -0.092077 -6.694278 -5.280133 1.445303 -5.986359 -8.571569 0.539629 -4.167146 -1.398927 1.149664 -3.570818 2.753901 -2.582702 -14.332718
UU -10.456564 -8.379093 -7.376375 -3.132634 -10.11916 -4.725694 -3.258778 -6.872772 -11.749707 -3.072616 -6.652968 -4.010369 -1.85124 -7.348755 -2.582702 -1.4508 -14.332718
NN -14.332718 -14.332718 -14.332718 -14.332718 -14.332718 -14.332718 -14.332718 -14.332718 -14.332718 -14.332718 -14.332718 -14.332718 -14.332718 -14.332718 -14.332718 -14.332718 -14.332718
