 AA AC AG AU CA CC CG CU GA GC GG GU UA UC UG UU NN
AA -1.763905 -8.24526 -8.088983 -4.704803 -9.980776 -14.351816 -5.205152 -12.074668 -6.026733 -4.774313 -9.585246 -6.389645 -4.729629 -11.939576 -6.355971 -8.615059 -14.880888
AC -8.24526 -1.763396 -9.230088 -2.072428 -9.974281 -9.265578 -5.931168 -10.980555 -10.327865 -3.820829 -12.459379 -5.914185 -6.041182 -8.565489 -7.642516 -7.991158 -14.880888
AG -8.088983 -9.230088 -0.618983 -5.971178 -10.618257 -14.880888 -4.883151 -8.816149 -9.281171 -6.410175 -5.525209 -6.960528 -6.614107 -8.220043 -5.740343 -10.578678 -14.880888
AU -4.704803 -2.072428 -5.971178 4.646075 -6.142544 -7.127055 1.421034 -5.785244 -6.221928 2.525092 -6.231694 0.428341 1.355495 -5.491832 -0.747649 -3.09341 -14.880888
CA -9.980776 -9.974281 -10.618257 -6.142544 -5.467228 -11.556541 -3.922764 -7.588087 -8.610162 -6.230584 -11.686004 -8.506097 -2.611003 -7.33361 -6.310439 -8.284287 -14.880888
CC -14.351816 -9.265578 -14.880888 -7.127055 -11.556541 -2.666662 -5.429335 -6.228049 -13.793425 -4.132143 -12.342233 -8.290805 -7.442948 -8.340831 -9.008565 -6.08509 -14.880888
CG -5.205152 -5.931168 -4.883151 1.421034 -3.922764 -5.429335 5.464985 -4.900838 -6.600808 1.743873 -4.525013 -0.619983 2.519266 -4.610917 1.138004 -4.01967 -14.880888
CU -12.074668 -10.980555 -8.816149 -5.785244 -7.588087 -6.228049 -4.900838 -1.730414 -6.538555 -6.204758 -13.439415 -6.457544 -4.341117 -3.915414 -8.000803 -4.617733 -14.880888
GA -6.026733 -10.327865 -9.281171 -6.221928 -8.610162 -13.793425 -6.600808 -6.538555 -0.921776 -5.486741 -9.57674 -6.698957 -6.089254 -6.314088 -7.678015 -11.804295 -14.880888
GC -4.774313 -3.820829 -6.410175 2.525092 -6.230584 -4.132143 1.743873 -6.204758 -5.486741 5.670278 -4.819475 1.006352 1.245265 -4.858112 -0.252435 -4.359542 -14.880888
GG -9.585246 -12.459379 -5.525209 -6.231694 -11.686004 -12.342233 -4.525013 -13.439415 -9.57674 -4.819475 -2.091018 -5.833497 -6.299431 -11.82442 -4.13955 -11.716891 -14.880888
GU -6.389645 -5.914185 -6.960528 0.428341 -8.506097 -8.290805 -0.619983 -6.457544 -6.698957 1.006352 -5.833497 3.579476 -0.885351 -5.528172 -2.158452 -5.084616 -14.880888
UA -4.729629 -6.041182 -6.614107 1.355495 -2.611003 -7.442948 2.519266 -4.341117 -6.089254 1.245265 -6.299431 -0.885351 5.070009 -2.982456 0.967325 -3.721373 -14.880888
UC -11.939576 -8.565489 -8.220043 -5.491832 -7.33361 -8.340831 -4.610917 -3.915414 -6.314088 -4.858112 -11.82442 -5.528172 -2.982456 -3.312903 -5.090377 -5.096231 -14.880888
UG -6.355971 -7.642516 -5.740343 -0.747649 -6.310439 -9.008565 1.138004 -8.000803 -7.678015 -0.252435 -4.13955 -2.158452 0.967325 -5.090377 3.460254 -4.594919 -14.880888
UU -8.615059 -7.991158 -10.578678 -3.09341 -8.284287 -6.08509 -4.01967 -4.617733 -11.804295 -4.359542 -11.716891 -5.084616 -3.721373 -5.096231 -4.594919 0.13769 -14.880888
NN -14.880888 -14.880888 -14.880888 -14.880888 -14.880888 -14.880888 -14.880888 -14.880888 -14.880888 -14.880888 -14.880888 -14.880888 -14.880888 -14.880888 -14.880888 -14.880888 -14.880888
