 AA AC AG AU CA CC CG CU GA GC GG GU UA UC UG UU NN
AA -3.328111 -7.475519 -8.641105 -4.554755 -9.546605 -12.909776 -3.69072 -12.50201 -7.48476 -5.244308 -8.737912 -5.984457 -2.644347 -11.703441 -3.784439 -8.639778 -14.405694
AC -7.475519 -2.085252 -9.408122 -1.637142 -10.016462 -8.789342 -5.063375 -10.062944 -7.555455 -2.849766 -10.114614 -4.458346 -4.793917 -8.841007 -6.733768 -8.244988 -14.405694
AG -8.641105 -9.408122 -1.491424 -5.333929 -10.423579 -14.405694 -2.521509 -9.177312 -8.794491 -5.620666 -4.553847 -6.827738 -2.842597 -8.111596 -5.846424 -9.719578 -14.405694
AU -4.554755 -1.637142 -5.333929 4.101605 -5.257356 -2.730587 2.146364 -3.958998 -3.743949 2.985893 -4.557667 0.78657 1.95538 -4.156729 -0.255093 -2.410488 -14.405694
CA -9.546605 -10.016462 -10.423579 -5.257356 -5.856844 -10.623912 -2.825627 -8.776057 -7.275812 -5.038202 -11.281559 -6.06198 -2.647184 -7.658098 -5.838809 -9.049959 -14.405694
CC -12.909776 -8.789342 -14.405694 -2.730587 -10.623912 -4.294273 -4.836157 -6.353023 -11.334623 -3.345015 -11.369017 -6.749349 -5.76996 -8.029551 -7.674269 -6.045197 -14.405694
CG -3.69072 -5.063375 -2.521509 2.146364 -2.825627 -4.836157 5.192269 -4.487711 -5.318854 2.904574 -4.554246 0.347924 3.052959 -4.345372 1.334254 -3.019608 -14.405694
CU -12.50201 -10.062944 -9.177312 -3.958998 -8.776057 -6.353023 -4.487711 -3.091087 -8.263836 -2.280293 -9.348616 -4.483425 -4.490872 -4.615876 -6.411346 -5.976429 -14.405694
GA -7.48476 -7.555455 -8.794491 -3.743949 -7.275812 -11.334623 -5.318854 -8.263836 -1.763015 -2.587715 -8.654444 -6.125786 -4.670452 -7.286666 -7.593021 -10.224337 -14.405694
GC -5.244308 -2.849766 -5.620666 2.985893 -5.038202 -3.345015 2.904574 -2.280293 -2.587715 5.500011 -4.180101 1.50601 2.117972 -3.811446 0.436519 -2.706 -14.405694
GG -8.737912 -10.114614 -4.553847 -4.557667 -11.281559 -11.369017 -4.554246 -9.348616 -8.654444 -4.180101 -2.074643 -5.47414 -5.775304 -10.401727 -4.362114 -5.41872 -14.405694
GU -5.984457 -4.458346 -6.827738 0.78657 -6.06198 -6.749349 0.347924 -4.483425 -6.125786 1.50601 -5.47414 3.235784 0.113864 -4.725852 -1.299211 -2.80759 -14.405694
UA -2.644347 -4.793917 -2.842597 1.95538 -2.647184 -5.76996 3.052959 -4.490872 -4.670452 2.117972 -5.775304 0.113864 4.61525 -3.398785 1.115627 -1.692388 -14.405694
UC -11.703441 -8.841007 -8.111596 -4.156729 -7.658098 -8.029551 -4.345372 -4.615876 -7.286666 -3.811446 -10.401727 -4.725852 -3.398785 -4.000979 -4.211712 -6.804895 -14.405694
UG -3.784439 -6.733768 -5.846424 -0.255093 -5.838809 -7.674269 1.334254 -6.411346 -7.593021 0.436519 -4.362114 -1.299211 1.115627 -4.211712 3.11432 -3.628526 -14.405694
UU -8.639778 -8.244988 -9.719578 -2.410488 -9.049959 -6.045197 -3.019608 -5.976429 -10.224337 -2.706 -5.41872 -2.80759 -1.692388 -6.804895 -3.628526 -0.908725 -14.405694
NN -14.405694 -14.405694 -14.405694 -14.405694 -14.405694 -14.405694 -14.405694 -14.405694 -14.405694 -14.405694 -14.405694 -14.405694 -14.405694 -14.405694 -14.405694 -14.405694 -14.405694
