 AA AC AG AU CA CC CG CU GA GC GG GU UA UC UG UU NN
AA -5.098423 -10.410262 -10.86065 -3.807574 -12.027087 -13.083378 -4.950185 -14.175085 -8.660866 -4.210729 -11.170401 -6.568258 -3.387089 -14.193279 -4.796691 -11.438357 -16.219464
AC -10.410262 -3.356161 -11.130318 -2.245472 -12.076255 -9.482785 -3.401646 -12.076115 -8.715214 -1.44077 -11.115864 -5.906482 -4.025393 -10.099027 -4.317795 -10.391328 -16.219464
AG -10.86065 -11.130318 -2.888766 -6.416353 -12.19874 -16.219464 -2.496755 -10.954915 -10.967633 -6.07049 -5.318626 -8.414721 -2.041555 -9.581118 -7.241147 -11.538968 -16.219464
AU -3.807574 -2.245472 -6.416353 3.345098 -5.636015 -2.535078 2.803694 -5.047671 -5.156818 3.565792 -5.647438 0.905562 2.014856 -4.774656 0.244376 -3.601215 -16.219464
CA -12.027087 -12.076255 -12.19874 -5.636015 -7.443604 -12.73346 -3.314088 -9.834727 -9.296981 -5.396198 -12.338107 -6.825868 -3.459383 -9.497736 -7.455966 -10.955783 -16.219464
CC -13.083378 -9.482785 -16.219464 -2.535078 -12.73346 -3.994766 -3.150918 -7.918538 -13.940153 -3.733751 -12.641494 -7.509645 -5.797408 -10.030657 -9.006671 -8.260438 -16.219464
CG -4.950185 -3.401646 -2.496755 2.803694 -3.314088 -3.150918 5.644812 -4.571116 -6.180119 3.460857 -4.713099 1.126177 3.611527 -3.87306 1.522088 -3.463257 -16.219464
CU -14.175085 -12.076115 -10.954915 -5.047671 -9.834727 -7.918538 -4.571116 -4.166638 -8.713816 -3.225781 -10.174948 -5.376022 -3.13059 -6.250514 -8.08621 -7.564037 -16.219464
GA -8.660866 -8.715214 -10.967633 -5.156818 -9.296981 -13.940153 -6.180119 -8.713816 -3.185352 -2.383807 -10.894128 -6.295235 -3.337329 -8.542931 -8.650446 -12.280216 -16.219464
GC -4.210729 -1.44077 -6.07049 3.565792 -5.396198 -3.733751 3.460857 -3.225781 -2.383807 6.018004 -3.441664 1.806678 2.895583 -2.778582 0.683813 -4.08739 -16.219464
GG -11.170401 -11.115864 -5.318626 -5.647438 -12.338107 -12.641494 -4.713099 -10.174948 -10.894128 -3.441664 -2.925066 -5.696797 -6.259717 -11.632263 -5.403568 -6.667922 -16.219464
GU -6.568258 -5.906482 -8.414721 0.905562 -6.825868 -7.509645 1.126177 -5.376022 -6.295235 1.806678 -5.696797 2.760271 0.506662 -4.304427 -1.563311 -4.306997 -16.219464
UA -3.387089 -4.025393 -2.041555 2.014856 -3.459383 -5.797408 3.611527 -3.13059 -3.337329 2.895583 -6.259717 0.506662 3.846218 -3.0389 0.844261 -2.182242 -16.219464
UC -14.193279 -10.099027 -9.581118 -4.774656 -9.497736 -10.030657 -3.87306 -6.250514 -8.542931 -2.778582 -11.632263 -4.304427 -3.0389 -5.611467 -3.233538 -7.924958 -16.219464
UG -4.796691 -4.317795 -7.241147 0.244376 -7.455966 -9.006671 1.522088 -8.08621 -8.650446 0.683813 -5.403568 -1.563311 0.844261 -3.233538 2.547683 -3.287404 -16.219464
UU -11.438357 -10.391328 -11.538968 -3.601215 -10.955783 -8.260438 -3.463257 -7.564037 -12.280216 -4.08739 -6.667922 -4.306997 -2.182242 -7.924958 -3.287404 -2.305659 -16.219464
NN -16.219464 -16.219464 -16.219464 -16.219464 -16.219464 -16.219464 -16.219464 -16.219464 -16.219464 -16.219464 -16.219464 -16.219464 -16.219464 -16.219464 -16.219464 -16.219464 -16.219464
