 AA AC AG AU CA CC CG CU GA GC GG GU UA UC UG UU NN
AA -0.975971 -9.340387 -8.380273 -4.774979 -9.769467 -11.455178 -5.604071 -12.265198 -5.972045 -5.146048 -10.238854 -6.300879 -4.667025 -11.804108 -6.574532 -8.605062 -14.877096
AC -9.340387 -0.77426 -9.020028 -2.623028 -10.404677 -7.692686 -5.803684 -11.254721 -9.224338 -3.601281 -12.265365 -5.487644 -6.02974 -7.778922 -7.628059 -7.044837 -14.877096
AG -8.380273 -9.020028 -0.653628 -5.064458 -9.924008 -14.877096 -4.159963 -9.821381 -9.02235 -6.273039 -4.555138 -6.866309 -6.929749 -9.267001 -5.72621 -11.770558 -14.877096
AU -4.774979 -2.623028 -5.064458 4.878251 -6.857593 -7.126543 0.677535 -5.211069 -6.608878 1.932324 -6.572681 0.297526 0.478561 -5.941522 -1.76482 -2.921168 -14.877096
CA -9.769467 -10.404677 -9.924008 -6.857593 -3.723558 -10.422433 -3.12934 -7.725518 -8.453838 -6.279085 -11.923835 -8.256682 -2.526326 -8.269089 -6.32845 -7.25144 -14.877096
CC -11.455178 -7.692686 -14.877096 -7.126543 -10.422433 -1.496911 -4.917022 -6.597987 -12.803297 -3.617053 -14.128501 -8.419555 -7.589349 -7.394974 -8.885075 -5.869008 -14.877096
CG -5.604071 -5.803684 -4.159963 0.677535 -3.12934 -4.917022 5.710956 -4.647621 -7.038494 1.106804 -4.789017 -1.239063 1.986308 -5.255736 0.924329 -4.255071 -14.877096
CU -12.265198 -11.254721 -9.821381 -5.211069 -7.725518 -6.597987 -4.647621 -0.967068 -8.692453 -6.781409 -12.952357 -6.432611 -5.784314 -4.681348 -7.849372 -5.76518 -14.877096
GA -5.972045 -9.224338 -9.02235 -6.608878 -8.453838 -12.803297 -7.038494 -8.692453 -0.709554 -5.619763 -8.847762 -6.322458 -5.694006 -9.215115 -7.660502 -13.005638 -14.877096
GC -5.146048 -3.601281 -6.273039 1.932324 -6.279085 -3.617053 1.106804 -6.781409 -5.619763 5.866572 -5.166606 0.759559 0.42545 -4.677562 -1.179667 -4.593175 -14.877096
GG -10.238854 -12.265365 -4.555138 -6.572681 -11.923835 -14.128501 -4.789017 -12.952357 -8.847762 -5.166606 -1.92187 -6.065813 -6.659335 -10.880499 -4.084641 -11.124391 -14.877096
GU -6.300879 -5.487644 -6.866309 0.297526 -8.256682 -8.419555 -1.239063 -6.432611 -6.322458 0.759559 -6.065813 3.656164 -1.71934 -5.32236 -2.631767 -4.774275 -14.877096
UA -4.667025 -6.02974 -6.929749 0.478561 -2.526326 -7.589349 1.986308 -5.784314 -5.694006 0.42545 -6.659335 -1.71934 5.15115 -4.063415 0.396459 -4.088163 -14.877096
UC -11.804108 -7.778922 -9.267001 -5.941522 -8.269089 -7.394974 -5.255736 -4.681348 -9.215115 -4.677562 -10.880499 -5.32236 -4.063415 -2.73543 -5.709138 -4.477779 -14.877096
UG -6.574532 -7.628059 -5.72621 -1.76482 -6.32845 -8.885075 0.924329 -7.849372 -7.660502 -1.179667 -4.084641 -2.631767 0.396459 -5.709138 3.617595 -4.743935 -14.877096
UU -8.605062 -7.044837 -11.770558 -2.921168 -7.25144 -5.869008 -4.255071 -5.76518 -13.005638 -4.593175 -11.124391 -4.774275 -4.088163 -4.477779 -4.743935 0.188159 -14.877096
NN -14.877096 -14.877096 -14.877096 -14.877096 -14.877096 -14.877096 -14.877096 -14.877096 -14.877096 -14.877096 -14.877096 -14.877096 -14.877096 -14.877096 -14.877096 -14.877096 -14.877096
