 AA AC AG AU CA CC CG CU GA GC GG GU UA UC UG UU NN
AA -4.983505 -10.360222 -10.781647 -3.692707 -11.951812 -14.951498 -4.939177 -14.078016 -8.581863 -4.605028 -11.20356 -6.576279 -3.632718 -14.09621 -4.697138 -11.27985 -16.219749
AC -10.360222 -3.320531 -11.090959 -2.15748 -12.040625 -9.486799 -3.411906 -12.01869 -8.675855 -1.443723 -11.11242 -5.855747 -4.47121 -10.041602 -4.257628 -10.272465 -16.219749
AG -10.781647 -11.090959 -2.845678 -6.487292 -12.159381 -16.219749 -2.493914 -10.893762 -10.924545 -6.184715 -5.311454 -8.393455 -2.21438 -9.519965 -7.18445 -11.416375 -16.219749
AU -3.692707 -2.15748 -6.487292 3.464424 -5.939341 -2.485041 2.71113 -4.953258 -5.067246 3.528525 -5.619999 0.880124 2.039545 -4.669652 0.124979 -3.432763 -16.219749
CA -11.951812 -12.040625 -12.159381 -5.939341 -7.407974 -12.737474 -3.317295 -9.777302 -9.257622 -5.674465 -12.334663 -6.833656 -3.412611 -9.440311 -7.394812 -10.836919 -16.219749
CC -14.951498 -9.486799 -16.219749 -2.485041 -12.737474 -4.038424 -3.192467 -7.900757 -13.940438 -3.778539 -12.677694 -7.533628 -5.872887 -10.012876 -8.985162 -8.181218 -16.219749
CG -4.939177 -3.411906 -2.493914 2.71113 -3.317295 -3.192467 5.602974 -4.553506 -6.176675 3.369683 -4.755728 1.073424 3.522479 -3.853429 1.483631 -3.381831 -16.219749
CU -14.078016 -12.01869 -10.893762 -4.953258 -9.777302 -7.900757 -4.553506 -4.087418 -8.652662 -3.224335 -10.14971 -5.296516 -3.019421 -6.171294 -8.018341 -7.423378 -16.219749
GA -8.581863 -8.675855 -10.924545 -5.067246 -9.257622 -13.940438 -6.176675 -8.652662 -3.142264 -2.380363 -10.886955 -6.234597 -3.245308 -8.481778 -8.637061 -12.157623 -16.219749
GC -4.605028 -1.443723 -6.184715 3.528525 -5.674465 -3.778539 3.369683 -3.224335 -2.380363 5.972655 -3.475318 1.799125 2.833486 -2.761294 0.670885 -4.004441 -16.219749
GG -11.20356 -11.11242 -5.311454 -5.619999 -12.334663 -12.677694 -4.755728 -10.14971 -10.886955 -3.475318 -2.953809 -5.66783 -6.305054 -11.607025 -5.374601 -6.581244 -16.219749
GU -6.576279 -5.855747 -8.393455 0.880124 -6.833656 -7.533628 1.073424 -5.296516 -6.234597 1.799125 -5.66783 2.831804 0.402872 -4.223116 -1.50861 -4.189365 -16.219749
UA -3.632718 -4.47121 -2.21438 2.039545 -3.412611 -5.872887 3.522479 -3.019421 -3.245308 2.833486 -6.305054 0.402872 3.943548 -2.932135 0.833899 -2.014605 -16.219749
UC -14.09621 -10.041602 -9.519965 -4.669652 -9.440311 -10.012876 -3.853429 -6.171294 -8.481778 -2.761294 -11.607025 -4.223116 -2.932135 -5.532248 -3.152054 -7.784299 -16.219749
UG -4.697138 -4.257628 -7.18445 0.124979 -7.394812 -8.985162 1.483631 -8.018341 -8.637061 0.670885 -5.374601 -1.50861 0.833899 -3.152054 2.633796 -3.14768 -16.219749
UU -11.27985 -10.272465 -11.416375 -3.432763 -10.836919 -8.181218 -3.381831 -7.423378 -12.157623 -4.004441 -6.581244 -4.189365 -2.014605 -7.784299 -3.14768 -2.103562 -16.219749
NN -16.219749 -16.219749 -16.219749 -16.219749 -16.219749 -16.219749 -16.219749 -16.219749 -16.219749 -16.219749 -16.219749 -16.219749 -16.219749 -16.219749 -16.219749 -16.219749 -16.219749
