 AA AC AG AU CA CC CG CU GA GC GG GU UA UC UG UU NN
AA -2.60465 -8.470567 -8.822192 -5.075551 -10.056674 -13.44237 -3.871419 -12.105268 -6.625424 -5.219928 -9.691681 -6.496394 -2.484999 -12.263347 -3.5463 -8.867481 -15.13672
AC -8.470567 -1.853572 -9.594622 -1.654556 -10.552725 -8.854252 -5.438003 -10.682424 -7.170251 -2.695725 -10.383497 -4.924701 -5.59081 -8.877733 -7.166267 -8.385434 -15.13672
AG -8.822192 -9.594622 -1.327119 -6.067767 -10.646976 -15.13672 -2.572185 -9.357426 -9.390652 -6.29082 -4.223349 -7.125771 -2.822787 -8.011174 -5.829575 -9.762044 -15.13672
AU -5.075551 -1.654556 -6.067767 4.252762 -5.774148 -2.374421 2.030629 -4.179068 -3.792124 2.876083 -4.930133 0.74525 1.878538 -4.540967 -0.392692 -2.45613 -15.13672
CA -10.056674 -10.552725 -10.646976 -5.774148 -6.205125 -11.693921 -3.240493 -8.325366 -7.764441 -5.395295 -11.479505 -6.201279 -2.907663 -8.030165 -6.206309 -8.850462 -15.13672
CC -13.44237 -8.854252 -15.13672 -2.374421 -11.693921 -3.4566 -5.067211 -6.862517 -12.895778 -3.754025 -12.063887 -7.102633 -6.465234 -8.946998 -8.303615 -6.64106 -15.13672
CG -3.871419 -5.438003 -2.572185 2.030629 -3.240493 -5.067211 5.22207 -4.386954 -6.029141 2.801059 -4.707851 0.251258 2.926764 -4.345132 1.189463 -3.008437 -15.13672
CU -12.105268 -10.682424 -9.357426 -4.179068 -8.325366 -6.862517 -4.386954 -2.559934 -7.141506 -2.204691 -9.136017 -4.410599 -4.327105 -4.669284 -6.470762 -5.429179 -15.13672
GA -6.625424 -7.170251 -9.390652 -3.792124 -7.764441 -12.895778 -6.029141 -7.141506 -1.623431 -2.569771 -9.906732 -6.18945 -4.869016 -6.980709 -7.672887 -10.1458 -15.13672
GC -5.219928 -2.695725 -6.29082 2.876083 -5.395295 -3.754025 2.801059 -2.204691 -2.569771 5.489063 -4.77424 1.424712 1.889064 -4.161804 0.327567 -3.034765 -15.13672
GG -9.691681 -10.383497 -4.223349 -4.930133 -11.479505 -12.063887 -4.707851 -9.136017 -9.906732 -4.77424 -2.305251 -5.534224 -6.320652 -10.568347 -4.34161 -5.019914 -15.13672
GU -6.496394 -4.924701 -7.125771 0.74525 -6.201279 -7.102633 0.251258 -4.410599 -6.18945 1.424712 -5.534224 3.320222 0.064073 -4.611894 -1.261345 -2.57517 -15.13672
UA -2.484999 -5.59081 -2.822787 1.878538 -2.907663 -6.465234 2.926764 -4.327105 -4.869016 1.889064 -6.320652 0.064073 4.723636 -3.529923 1.043982 -1.581621 -15.13672
UC -12.263347 -8.877733 -8.011174 -4.540967 -8.030165 -8.946998 -4.345132 -4.669284 -6.980709 -4.161804 -10.568347 -4.611894 -3.529923 -4.138187 -4.199519 -5.90442 -15.13672
UG -3.5463 -7.166267 -5.829575 -0.392692 -6.206309 -8.303615 1.189463 -6.470762 -7.672887 0.327567 -4.34161 -1.261345 1.043982 -4.199519 3.189379 -3.644744 -15.13672
UU -8.867481 -8.385434 -9.762044 -2.45613 -8.850462 -6.64106 -3.008437 -5.429179 -10.1458 -3.034765 -5.019914 -2.57517 -1.581621 -5.90442 -3.644744 -0.715721 -15.13672
NN -15.13672 -15.13672 -15.13672 -15.13672 -15.13672 -15.13672 -15.13672 -15.13672 -15.13672 -15.13672 -15.13672 -15.13672 -15.13672 -15.13672 -15.13672 -15.13672 -15.13672
