 AA AC AG AU CA CC CG CU GA GC GG GU UA UC UG UU NN
AA -1.006962 -8.487139 -8.098595 -4.935932 -9.360108 -11.717669 -6.295873 -12.743033 -6.286215 -5.502833 -11.604211 -6.288956 -5.100411 -10.321194 -7.13475 -10.130055 -16.360185
AC -8.487139 -0.646641 -9.547517 -3.121237 -11.300591 -7.395284 -6.746149 -12.212157 -9.455135 -3.925705 -12.824769 -5.879553 -6.734544 -8.375578 -8.917081 -7.481705 -16.360185
AG -8.098595 -9.547517 -0.507101 -5.644474 -11.224047 -14.256423 -4.846277 -10.431021 -8.608882 -7.144551 -6.0662 -7.080989 -7.386089 -10.574878 -6.085121 -10.414282 -16.360185
AU -4.935932 -3.121237 -5.644474 5.037785 -7.929401 -7.656565 0.032128 -4.878898 -7.51253 1.495423 -6.882304 -0.203989 -0.039274 -6.676291 -2.177885 -3.393937 -16.360185
CA -9.360108 -11.300591 -11.224047 -7.929401 -2.778083 -10.696776 -3.700068 -6.870497 -7.993669 -7.103552 -11.822268 -9.137148 -3.069158 -8.789978 -5.888687 -9.234645 -16.360185
CC -11.717669 -7.395284 -14.256423 -7.656565 -10.696776 -1.765757 -5.408106 -7.012574 -11.564479 -4.05217 -13.564012 -8.543644 -7.75136 -7.558148 -8.971135 -5.823262 -16.360185
CG -6.295873 -6.746149 -4.846277 0.032128 -3.700068 -5.408106 5.721989 -4.803944 -7.782815 0.262098 -5.544367 -1.569664 1.541707 -6.080993 0.758581 -5.001179 -16.360185
CU -12.743033 -12.212157 -10.431021 -4.878898 -6.870497 -7.012574 -4.803944 -0.926481 -16.360185 -7.130471 -12.951414 -6.840908 -6.327559 -5.721085 -8.111507 -6.129159 -16.360185
GA -6.286215 -9.455135 -8.608882 -7.51253 -7.993669 -11.564479 -7.782815 -16.360185 -0.731814 -6.05936 -8.68064 -6.084711 -6.41433 -11.901298 -8.445735 -12.820572 -16.360185
GC -5.502833 -3.925705 -7.144551 1.495423 -7.103552 -4.05217 0.262098 -7.130471 -6.05936 5.854629 -5.426235 0.438901 -0.345462 -4.867718 -1.831211 -5.093192 -16.360185
GG -11.604211 -12.824769 -6.0662 -6.882304 -11.822268 -13.564012 -5.544367 -12.951414 -8.68064 -5.426235 -1.76 -6.489832 -7.616177 -10.524162 -5.206246 -11.850967 -16.360185
GU -6.288956 -5.879553 -7.080989 -0.203989 -9.137148 -8.543644 -1.569664 -6.840908 -6.084711 0.438901 -6.489832 3.771819 -2.327297 -6.421391 -2.840424 -5.036998 -16.360185
UA -5.100411 -6.734544 -7.386089 -0.039274 -3.069158 -7.75136 1.541707 -6.327559 -6.41433 -0.345462 -7.616177 -2.327297 5.316946 -4.716261 0.089229 -4.354043 -16.360185
UC -10.321194 -8.375578 -10.574878 -6.676291 -8.789978 -7.558148 -6.080993 -5.721085 -11.901298 -4.867718 -10.524162 -6.421391 -4.716261 -2.085401 -5.599171 -5.032409 -16.360185
UG -7.13475 -8.917081 -6.085121 -2.177885 -5.888687 -8.971135 0.758581 -8.111507 -8.445735 -1.831211 -5.206246 -2.840424 0.089229 -5.599171 3.756549 -5.138989 -16.360185
UU -10.130055 -7.481705 -10.414282 -3.393937 -9.234645 -5.823262 -5.001179 -6.129159 -12.820572 -5.093192 -11.850967 -5.036998 -4.354043 -5.032409 -5.138989 0.42375 -16.360185
NN -16.360185 -16.360185 -16.360185 -16.360185 -16.360185 -16.360185 -16.360185 -16.360185 -16.360185 -16.360185 -16.360185 -16.360185 -16.360185 -16.360185 -16.360185 -16.360185 -16.360185
