 AA AC AG AU CA CC CG CU GA GC GG GU UA UC UG UU NN
AA -1.295455 -8.037657 -8.11922 -4.795541 -9.941102 -13.830688 -5.281395 -11.750468 -6.193216 -4.807157 -10.02912 -6.435574 -4.676536 -12.060499 -6.497475 -8.165375 -14.716286
AC -8.037657 -1.234813 -9.064742 -2.070547 -9.59023 -8.651725 -5.605415 -10.725728 -10.417985 -3.571402 -12.381636 -5.763161 -5.996413 -8.413822 -7.639613 -7.587238 -14.716286
AG -8.11922 -9.064742 -0.647517 -5.97515 -10.823818 -14.716286 -4.685119 -9.01636 -9.061503 -6.469534 -5.1475 -6.782847 -6.826261 -8.393216 -5.473727 -10.399798 -14.716286
AU -4.795541 -2.070547 -5.97515 4.715578 -6.164419 -6.944192 1.266693 -5.804368 -6.510955 2.406464 -6.314778 0.428698 1.071105 -5.502319 -0.98037 -2.881962 -14.716286
CA -9.941102 -9.59023 -10.823818 -6.164419 -4.881602 -11.018571 -3.573931 -7.568074 -8.628272 -5.952206 -10.904434 -8.357241 -2.427032 -7.432135 -6.133671 -7.873654 -14.716286
CC -13.830688 -8.651725 -14.716286 -6.944192 -11.018571 -1.95851 -5.229286 -5.629834 -13.852088 -3.883285 -11.157738 -7.932972 -7.152836 -8.02086 -8.622801 -5.841397 -14.716286
CG -5.281395 -5.605415 -4.685119 1.266693 -3.573931 -5.229286 5.549566 -4.731488 -6.628387 1.702946 -4.460154 -0.714364 2.392805 -4.685418 1.105283 -3.836863 -14.716286
CU -11.750468 -10.725728 -9.01636 -5.804368 -7.568074 -5.629834 -4.731488 -1.340032 -6.731975 -6.232411 -12.963138 -6.384183 -4.439077 -4.239659 -7.791589 -4.296987 -14.716286
GA -6.193216 -10.417985 -9.061503 -6.510955 -8.628272 -13.852088 -6.628387 -6.731975 -0.790469 -5.413364 -9.429976 -6.61361 -6.193586 -6.536983 -7.632433 -11.905868 -14.716286
GC -4.807157 -3.571402 -6.469534 2.406464 -5.952206 -3.883285 1.702946 -6.232411 -5.413364 5.733322 -4.722018 1.044744 1.076479 -4.677903 -0.360613 -4.225777 -14.716286
GG -10.02912 -12.381636 -5.1475 -6.314778 -10.904434 -11.157738 -4.460154 -12.963138 -9.429976 -4.722018 -2.170467 -5.813903 -6.244422 -11.682542 -3.960362 -11.669194 -14.716286
GU -6.435574 -5.763161 -6.782847 0.428698 -8.357241 -7.932972 -0.714364 -6.384183 -6.61361 1.044744 -5.813903 3.570008 -1.103336 -5.219343 -2.253489 -4.839641 -14.716286
UA -4.676536 -5.996413 -6.826261 1.071105 -2.427032 -7.152836 2.392805 -4.439077 -6.193586 1.076479 -6.244422 -1.103336 5.053706 -3.187104 0.820775 -3.75219 -14.716286
UC -12.060499 -8.413822 -8.393216 -5.502319 -7.432135 -8.02086 -4.685418 -4.239659 -6.536983 -4.677903 -11.682542 -5.219343 -3.187104 -3.368043 -5.315706 -4.795837 -14.716286
UG -6.497475 -7.639613 -5.473727 -0.98037 -6.133671 -8.622801 1.105283 -7.791589 -7.632433 -0.360613 -3.960362 -2.253489 0.820775 -5.315706 3.471995 -4.533533 -14.716286
UU -8.165375 -7.587238 -10.399798 -2.881962 -7.873654 -5.841397 -3.836863 -4.296987 -11.905868 -4.225777 -11.669194 -4.839641 -3.75219 -4.795837 -4.533533 0.037579 -14.716286
NN -14.716286 -14.716286 -14.716286 -14.716286 -14.716286 -14.716286 -14.716286 -14.716286 -14.716286 -14.716286 -14.716286 -14.716286 -14.716286 -14.716286 -14.716286 -14.716286 -14.716286
