 AA AC AG AU CA CC CG CU GA GC GG GU UA UC UG UU NN
AA -1.270154 -8.377359 -8.208558 -5.067189 -10.363755 -13.765761 -5.583033 -11.904215 -5.789121 -4.749852 -10.362094 -6.50724 -4.770715 -13.149898 -6.247513 -8.267991 -14.738261
AC -8.377359 -1.308507 -9.028122 -2.224071 -10.144152 -8.703853 -5.715672 -11.20487 -10.524107 -3.742909 -12.6761 -6.039592 -6.230498 -8.831832 -7.57666 -7.886613 -14.738261
AG -8.208558 -9.028122 -0.588744 -6.057562 -11.099639 -14.738261 -4.788043 -8.857746 -9.389363 -6.517102 -5.216231 -7.024635 -6.753639 -8.127929 -5.519555 -10.690406 -14.738261
AU -5.067189 -2.224071 -6.057562 4.797716 -6.565253 -7.417685 1.112054 -5.928238 -7.119006 2.267393 -6.798884 0.325777 0.96813 -5.85016 -1.163876 -2.994998 -14.738261
CA -10.363755 -10.144152 -11.099639 -6.565253 -5.019641 -11.246483 -3.754101 -7.594056 -8.687212 -6.183367 -11.53517 -8.548149 -2.61474 -7.70688 -6.320436 -7.946279 -14.738261
CC -13.765761 -8.703853 -14.738261 -7.417685 -11.246483 -2.048335 -5.158062 -6.515748 -13.469772 -4.009161 -12.450454 -8.20788 -7.512685 -8.53279 -8.938876 -6.390208 -14.738261
CG -5.583033 -5.715672 -4.788043 1.112054 -3.754101 -5.158062 5.560952 -4.941381 -6.915205 1.540618 -4.425725 -0.950537 2.262185 -4.717583 1.054342 -3.978969 -14.738261
CU -11.904215 -11.20487 -8.857746 -5.928238 -7.594056 -6.515748 -4.941381 -1.408676 -6.414516 -6.64725 -13.017084 -6.806317 -4.652961 -4.367866 -7.938826 -4.686463 -14.738261
GA -5.789121 -10.524107 -9.389363 -7.119006 -8.687212 -13.469772 -6.915205 -6.414516 -0.8448 -5.604994 -9.833595 -6.64814 -5.853215 -6.258333 -7.661428 -11.641558 -14.738261
GC -4.749852 -3.742909 -6.517102 2.267393 -6.183367 -4.009161 1.540618 -6.64725 -5.604994 5.735736 -5.150117 0.919674 0.874066 -4.826782 -0.514234 -4.50751 -14.738261
GG -10.362094 -12.6761 -5.216231 -6.798884 -11.53517 -12.450454 -4.425725 -13.017084 -9.833595 -5.150117 -2.140738 -6.071922 -6.652072 -11.83299 -4.181258 -11.743092 -14.738261
GU -6.50724 -6.039592 -7.024635 0.325777 -8.548149 -8.20788 -0.950537 -6.806317 -6.64814 0.919674 -6.071922 3.623545 -1.348374 -5.246689 -2.34329 -5.049627 -14.738261
UA -4.770715 -6.230498 -6.753639 0.96813 -2.61474 -7.512685 2.262185 -4.652961 -5.853215 0.874066 -6.652072 -1.348374 5.128225 -3.123066 0.692262 -3.941542 -14.738261
UC -13.149898 -8.831832 -8.127929 -5.85016 -7.70688 -8.53279 -4.717583 -4.367866 -6.258333 -4.826782 -11.83299 -5.246689 -3.123066 -2.999578 -5.409559 -4.797075 -14.738261
UG -6.247513 -7.57666 -5.519555 -1.163876 -6.320436 -8.938876 1.054342 -7.938826 -7.661428 -0.514234 -4.181258 -2.34329 0.692262 -5.409559 3.538474 -4.513557 -14.738261
UU -8.267991 -7.886613 -10.690406 -2.994998 -7.946279 -6.390208 -3.978969 -4.686463 -11.641558 -4.50751 -11.743092 -5.049627 -3.941542 -4.797075 -4.513557 0.160399 -14.738261
NN -14.738261 -14.738261 -14.738261 -14.738261 -14.738261 -14.738261 -14.738261 -14.738261 -14.738261 -14.738261 -14.738261 -14.738261 -14.738261 -14.738261 -14.738261 -14.738261 -14.738261
