 AA AC AG AU CA CC CG CU GA GC GG GU UA UC UG UU NN
AA -3.191651 -8.784405 -9.188856 -5.443421 -10.421959 -11.678659 -3.966591 -12.540345 -6.989072 -3.989021 -9.754 -6.555269 -2.340657 -12.709696 -3.978406 -9.568489 -15.075604
AC -8.784405 -1.985753 -9.741147 -2.051348 -10.676642 -8.766325 -5.266773 -10.879867 -7.317851 -2.593525 -10.312893 -5.119179 -3.719173 -9.090486 -7.361555 -8.880647 -15.075604
AG -9.188856 -9.741147 -1.472903 -6.040937 -10.790913 -15.075604 -2.490655 -9.575928 -9.551591 -5.961453 -4.159205 -7.29067 -2.080012 -8.223499 -6.041659 -10.27982 -15.075604
AU -5.443421 -2.051348 -6.040937 3.656131 -5.123961 -2.556803 2.430528 -4.602943 -4.204564 3.074077 -5.085501 0.8054 1.838676 -4.983829 0.146218 -3.216188 -15.075604
CA -10.421959 -10.676642 -10.790913 -5.123961 -6.337008 -11.597814 -3.142701 -8.463653 -7.889154 -4.876936 -11.408731 -6.280991 -3.195811 -8.22191 -6.398646 -9.349882 -15.075604
CC -11.678659 -8.766325 -15.075604 -2.556803 -11.597814 -3.123087 -4.744038 -6.811731 -12.796293 -3.426335 -11.753386 -7.033068 -6.30986 -8.923851 -8.288048 -6.918504 -15.075604
CG -3.966591 -5.266773 -2.490655 2.430528 -3.142701 -4.744038 5.54315 -4.355526 -5.945227 3.232386 -4.398786 0.534307 3.289124 -4.309402 1.360793 -3.286625 -15.075604
CU -12.540345 -10.879867 -9.575928 -4.602943 -8.463653 -6.811731 -4.355526 -2.825722 -7.334828 -2.160897 -9.144649 -4.673736 -4.7437 -4.925976 -6.7416 -6.00153 -15.075604
GA -6.989072 -7.317851 -9.551591 -4.204564 -7.889154 -12.796293 -5.945227 -7.334828 -1.76931 -2.490727 -9.833774 -6.399835 -5.206629 -7.163943 -7.856018 -10.6661 -15.075604
GC -3.989021 -2.593525 -5.961453 3.074077 -4.876936 -3.426335 3.232386 -2.160897 -2.490727 5.81874 -4.484981 1.522232 2.269557 -4.13178 0.439313 -3.312601 -15.075604
GG -9.754 -10.312893 -4.159205 -5.085501 -11.408731 -11.753386 -4.398786 -9.144649 -9.833774 -4.484981 -2.02385 -5.539316 -6.237983 -10.544775 -4.345435 -5.310321 -15.075604
GU -6.555269 -5.119179 -7.29067 0.8054 -6.280991 -7.033068 0.534307 -4.673736 -6.399835 1.522232 -5.539316 3.06324 0.464733 -4.872762 -1.471283 -3.117767 -15.075604
UA -2.340657 -3.719173 -2.080012 1.838676 -3.195811 -6.30986 3.289124 -4.7437 -5.206629 2.269557 -6.237983 0.464733 4.19347 -3.939104 0.959161 -2.321981 -15.075604
UC -12.709696 -9.090486 -8.223499 -4.983829 -8.22191 -8.923851 -4.309402 -4.925976 -7.163943 -4.13178 -10.544775 -4.872762 -3.939104 -4.38488 -4.469756 -6.468988 -15.075604
UG -3.978406 -7.361555 -6.041659 0.146218 -6.398646 -8.288048 1.360793 -6.7416 -7.856018 0.439313 -4.345435 -1.471283 0.959161 -4.469756 2.900829 -4.206419 -15.075604
UU -9.568489 -8.880647 -10.27982 -3.216188 -9.349882 -6.918504 -3.286625 -6.00153 -10.6661 -3.312601 -5.310321 -3.117767 -2.321981 -6.468988 -4.206419 -1.57643 -15.075604
NN -15.075604 -15.075604 -15.075604 -15.075604 -15.075604 -15.075604 -15.075604 -15.075604 -15.075604 -15.075604 -15.075604 -15.075604 -15.075604 -15.075604 -15.075604 -15.075604 -15.075604
