 AA AC AG AU CA CC CG CU GA GC GG GU UA UC UG UU NN
AA -0.723866 -8.764302 -8.159055 -5.218447 -9.813197 -13.065888 -6.045632 -12.170165 -5.641676 -5.053036 -10.032773 -6.622601 -4.85053 -12.512473 -7.093479 -8.249301 -14.263796
AC -8.764302 -0.595922 -9.082784 -2.461999 -10.724723 -7.932774 -5.64834 -11.345245 -10.550475 -3.686635 -12.102323 -5.883695 -6.512001 -8.61429 -7.775778 -7.717822 -14.263796
AG -8.159055 -9.082784 -0.529435 -5.997131 -10.295902 -14.263796 -4.77176 -10.743551 -8.73214 -6.831355 -4.997538 -6.863692 -7.268355 -9.391469 -5.779041 -11.270383 -14.263796
AU -5.218447 -2.461999 -5.997131 4.957374 -7.046539 -7.797591 0.403287 -5.677605 -7.825673 1.802809 -7.049328 0.192146 0.093795 -6.115591 -2.05353 -2.82428 -14.263796
CA -9.813197 -10.724723 -10.295902 -7.046539 -3.933582 -10.934071 -3.475717 -8.80843 -8.374936 -6.348158 -11.214006 -8.271175 -2.491132 -9.778283 -6.319312 -7.470867 -14.263796
CC -13.065888 -7.932774 -14.263796 -7.797591 -10.934071 -1.309628 -4.88094 -7.391548 -13.829393 -4.037818 -12.53732 -8.373367 -7.843394 -8.387486 -9.019101 -6.056988 -14.263796
CG -6.045632 -5.64834 -4.77176 0.403287 -3.475717 -4.88094 5.722116 -4.812892 -7.456384 0.979798 -4.780093 -1.350299 1.810315 -5.317918 0.872926 -4.097012 -14.263796
CU -12.170165 -11.345245 -10.743551 -5.677605 -8.80843 -7.391548 -4.812892 -0.945813 -8.768247 -6.929722 -12.065211 -6.502445 -5.625295 -4.965787 -7.710225 -5.891765 -14.263796
GA -5.641676 -10.550475 -8.73214 -7.825673 -8.374936 -13.829393 -7.456384 -8.768247 -0.641513 -5.887489 -9.755302 -6.194848 -6.404824 -8.246319 -8.393779 -13.444413 -14.263796
GC -5.053036 -3.686635 -6.831355 1.802809 -6.348158 -4.037818 0.979798 -6.929722 -5.887489 5.847096 -5.13338 0.724821 0.109208 -4.517665 -1.227574 -4.428825 -14.263796
GG -10.032773 -12.102323 -4.997538 -7.049328 -11.214006 -12.53732 -4.780093 -12.065211 -9.755302 -5.13338 -2.225543 -5.773624 -7.072079 -11.731733 -4.404854 -11.768261 -14.263796
GU -6.622601 -5.883695 -6.863692 0.192146 -8.271175 -8.373367 -1.350299 -6.502445 -6.194848 0.724821 -5.773624 3.704143 -2.066647 -4.583631 -2.759245 -5.017149 -14.263796
UA -4.85053 -6.512001 -7.268355 0.093795 -2.491132 -7.843394 1.810315 -5.625295 -6.404824 0.109208 -7.072079 -2.066647 5.181746 -4.24258 0.185033 -4.117413 -14.263796
UC -12.512473 -8.61429 -9.391469 -6.115591 -9.778283 -8.387486 -5.317918 -4.965787 -8.246319 -4.517665 -11.731733 -4.583631 -4.24258 -2.48508 -6.004854 -4.327443 -14.263796
UG -7.093479 -7.775778 -5.779041 -2.05353 -6.319312 -9.019101 0.872926 -7.710225 -8.393779 -1.227574 -4.404854 -2.759245 0.185033 -6.004854 3.655424 -4.926034 -14.263796
UU -8.249301 -7.717822 -11.270383 -2.82428 -7.470867 -6.056988 -4.097012 -5.891765 -13.444413 -4.428825 -11.768261 -5.017149 -4.117413 -4.327443 -4.926034 0.201487 -14.263796
NN -14.263796 -14.263796 -14.263796 -14.263796 -14.263796 -14.263796 -14.263796 -14.263796 -14.263796 -14.263796 -14.263796 -14.263796 -14.263796 -14.263796 -14.263796 -14.263796 -14.263796
