 AA AC AG AU CA CC CG CU GA GC GG GU UA UC UG UU NN
AA -2.248841 -4.77318 -10.370414 -4.748853 -9.292555 -13.330022 -3.81564 -10.838724 -8.74926 -4.926749 -11.861734 -5.453794 -3.232266 -11.827115 -5.089984 -10.00762 -13.330022
AC -4.77318 -0.857601 -8.161299 -2.18709 -8.633256 -5.586622 -4.42201 -8.227886 -7.937897 -3.540682 -10.461235 -3.38897 -3.902138 -8.91717 -6.28843 -7.258264 -13.330022
AG -10.370414 -8.161299 -1.409907 -3.59229 -9.29204 -12.022475 -3.038806 -10.157114 -6.148219 -4.216158 -3.873943 -5.539688 -3.54353 -10.455566 -5.391038 -10.543706 -13.330022
AU -4.748853 -2.18709 -3.59229 4.268891 -4.766526 -4.140133 1.78225 -4.057734 -3.634346 3.01496 -4.479088 0.897302 1.635873 -4.177815 -0.278679 -2.599693 -13.330022
CA -9.292555 -8.633256 -9.29204 -4.766526 -4.414416 -8.693537 -2.485354 -8.080329 -8.875795 -4.563376 -9.616332 -6.751251 -2.570432 -7.909554 -5.366311 -7.812704 -13.330022
CC -13.330022 -5.586622 -12.022475 -4.140133 -8.693537 -1.958147 -3.616624 -3.864397 -9.677559 -2.09863 -11.002489 -5.69201 -4.783879 -6.799708 -5.747532 -4.142411 -13.330022
CG -3.81564 -4.42201 -3.038806 1.78225 -2.485354 -3.616624 5.502723 -4.281874 -4.947755 2.299681 -4.08425 0.060254 3.001457 -4.170569 1.498592 -2.442129 -13.330022
CU -10.838724 -8.227886 -10.157114 -4.057734 -8.080329 -3.864397 -4.281874 -1.893154 -9.198417 -4.651613 -12.186569 -3.862951 -3.670728 -4.878598 -5.002165 -5.249423 -13.330022
GA -8.74926 -7.937897 -6.148219 -3.634346 -8.875795 -9.677559 -4.947755 -9.198417 -0.992973 -2.600576 -9.539276 -4.61856 -3.939926 -8.728828 -7.393181 -9.471571 -13.330022
GC -4.926749 -3.540682 -4.216158 3.01496 -4.563376 -2.09863 2.299681 -4.651613 -2.600576 5.775664 -3.343345 1.77638 1.847499 -4.147761 0.090968 -2.367302 -13.330022
GG -11.861734 -10.461235 -3.873943 -4.479088 -9.616332 -11.002489 -4.08425 -12.186569 -9.539276 -3.343345 -3.032893 -4.178857 -4.802007 -11.044341 -3.934602 -11.029462 -13.330022
GU -5.453794 -3.38897 -5.539688 0.897302 -6.751251 -5.69201 0.060254 -3.862951 -4.61856 1.77638 -4.178857 3.171287 -0.340702 -4.101839 -2.070886 -2.878658 -13.330022
UA -3.232266 -3.902138 -3.54353 1.635873 -2.570432 -4.783879 3.001457 -3.670728 -3.939926 1.847499 -4.802007 -0.340702 4.49901 -3.233031 1.280076 -2.799736 -13.330022
UC -11.827115 -8.91717 -10.455566 -4.177815 -7.909554 -6.799708 -4.170569 -4.878598 -8.728828 -4.147761 -11.044341 -4.101839 -3.233031 -5.257393 -3.985846 -6.31164 -13.330022
UG -5.089984 -6.28843 -5.391038 -0.278679 -5.366311 -5.747532 1.498592 -5.002165 -7.393181 0.090968 -3.934602 -2.070886 1.280076 -3.985846 3.167491 -3.746135 -13.330022
UU -10.00762 -7.258264 -10.543706 -2.599693 -7.812704 -4.142411 -2.442129 -5.249423 -9.471571 -2.367302 -11.029462 -2.878658 -2.799736 -6.31164 -3.746135 -1.215857 -13.330022
NN -13.330022 -13.330022 -13.330022 -13.330022 -13.330022 -13.330022 -13.330022 -13.330022 -13.330022 -13.330022 -13.330022 -13.330022 -13.330022 -13.330022 -13.330022 -13.330022 -13.330022
