 AA AC AG AU CA CC CG CU GA GC GG GU UA UC UG UU NN
AA -1.251381 -9.630083 -8.740835 -5.821171 -12.503671 -999.0 -8.346343 -15.453361 -7.161353 -8.259653 -11.22197 -9.075993 -6.423616 -16.504789 -9.89506 -12.341139 -999.0
AC -9.630083 -0.302049 -10.283913 -4.648354 -13.404782 -9.265622 -9.827996 -14.335449 -17.833752 -4.665581 -14.293457 -8.048634 -8.56251 -8.50455 -11.27553 -9.781852 -999.0
AG -8.740835 -10.283913 -0.392091 -7.22217 -13.022666 -16.956392 -6.489977 -15.341178 -10.575482 -7.288706 -7.662551 -10.209168 -7.517544 -11.153727 -7.185431 -9.892132 -999.0
AU -5.821171 -4.648354 -7.22217 5.200586 -8.550502 -10.085923 -2.200027 -6.38603 -9.290136 -0.026514 -7.626648 -1.003471 -2.024555 -8.562771 -4.074596 -4.895316 -999.0
CA -12.503671 -13.404782 -13.022666 -8.550502 -1.515899 -10.815199 -4.469529 -9.628682 -9.250614 -9.489334 -9.494531 -10.633393 -4.533884 -13.354411 -7.711775 -9.379336 -999.0
CC -999.0 -9.265622 -16.956392 -10.085923 -10.815199 -1.613822 -6.134058 -7.979516 -12.449185 -5.339007 -14.758705 -9.235849 -9.143991 -8.114228 -9.140288 -9.862705 -999.0
CG -8.346343 -9.827996 -6.489977 -2.200027 -4.469529 -6.134058 5.911157 -6.081332 -9.081952 -1.695351 -6.062867 -3.451657 -0.062969 -8.444717 -0.297965 -7.27817 -999.0
CU -15.453361 -14.335449 -15.341178 -6.38603 -9.628682 -7.979516 -6.081332 -0.624537 -15.115676 -7.136593 -14.573496 -6.548393 -8.133467 -6.462303 -8.309018 -8.472936 -999.0
GA -7.161353 -17.833752 -10.575482 -9.290136 -9.250614 -12.449185 -9.081952 -15.115676 -0.538856 -6.607418 -9.736319 -7.589061 -7.312965 -18.663106 -9.574063 -16.46293 -999.0
GC -8.259653 -4.665581 -7.288706 -0.026514 -9.489334 -5.339007 -1.695351 -7.136593 -6.607418 6.034818 -5.622798 -0.414142 -2.717048 -5.977702 -3.559608 -7.273064 -999.0
GG -11.22197 -14.293457 -7.662551 -7.626648 -9.494531 -14.758705 -6.062867 -14.573496 -9.736319 -5.622798 -1.43408 -6.32865 -9.409282 -11.473667 -6.775007 -12.95458 -999.0
GU -9.075993 -8.048634 -10.209168 -1.003471 -10.633393 -9.235849 -3.451657 -6.548393 -7.589061 -0.414142 -6.32865 3.900316 -4.246661 -7.870079 -4.881916 -5.972137 -999.0
UA -6.423616 -8.56251 -7.517544 -2.024555 -4.533884 -9.143991 -0.062969 -8.133467 -7.312965 -2.717048 -9.409282 -4.246661 5.429517 -5.987936 -1.04617 -5.239033 -999.0
UC -16.504789 -8.50455 -11.153727 -8.562771 -13.354411 -8.114228 -8.444717 -6.462303 -18.663106 -5.977702 -11.473667 -7.870079 -5.987936 -1.043562 -6.866511 -6.280619 -999.0
UG -9.89506 -11.27553 -7.185431 -4.074596 -7.711775 -9.140288 -0.297965 -8.309018 -9.574063 -3.559608 -6.775007 -4.881916 -1.04617 -6.866511 3.934505 -6.241587 -999.0
UU -12.341139 -9.781852 -9.892132 -4.895316 -9.379336 -9.862705 -7.27817 -8.472936 -16.46293 -7.273064 -12.95458 -5.972137 -5.239033 -6.280619 -6.241587 0.41034 -999.0
NN -999.0 -999.0 -999.0 -999.0 -999.0 -999.0 -999.0 -999.0 -999.0 -999.0 -999.0 -999.0 -999.0 -999.0 -999.0 -999.0 -999.0
