 AA AC AG AU CA CC CG CU GA GC GG GU UA UC UG UU NN
AA -1.823787 -7.979797 -8.135359 -4.679348 -9.616439 -14.353122 -5.070906 -11.932688 -6.103024 -4.762505 -9.666422 -6.334913 -4.631012 -11.990944 -6.235047 -8.605696 -14.724498
AC -7.979797 -1.781803 -9.2478 -2.083089 -10.001078 -9.220711 -5.846747 -10.975078 -10.2446 -3.804911 -12.319207 -5.196629 -5.844475 -8.59084 -7.383931 -7.991082 -14.724498
AG -8.135359 -9.2478 -0.646096 -5.858503 -10.601063 -14.724498 -4.803332 -8.893019 -9.064328 -6.300644 -5.509521 -6.917504 -5.947009 -8.286122 -5.773467 -10.589889 -14.724498
AU -4.679348 -2.083089 -5.858503 4.628749 -6.089355 -6.917085 1.48035 -5.624372 -6.025077 2.550668 -6.178448 0.448489 1.392849 -5.450343 -0.712296 -3.065822 -14.724498
CA -9.616439 -10.001078 -10.601063 -6.089355 -5.515625 -11.29479 -3.890463 -7.595263 -8.617114 -6.035866 -11.364122 -8.283752 -2.641198 -7.360963 -6.246224 -8.317092 -14.724498
CC -14.353122 -9.220711 -14.724498 -6.917085 -11.29479 -2.742462 -5.310012 -6.174163 -13.663616 -4.073009 -12.370276 -8.05832 -7.259967 -8.36252 -8.795976 -6.045147 -14.724498
CG -5.070906 -5.846747 -4.803332 1.48035 -3.890463 -5.310012 5.441093 -4.915511 -6.495353 1.841931 -4.541707 -0.537039 2.54999 -4.630051 1.16332 -3.829073 -14.724498
CU -11.932688 -10.975078 -8.893019 -5.624372 -7.595263 -6.174163 -4.915511 -1.796103 -6.58214 -6.151907 -13.462768 -6.062923 -4.345114 -3.911725 -7.766071 -4.669924 -14.724498
GA -6.103024 -10.2446 -9.064328 -6.025077 -8.617114 -13.663616 -6.495353 -6.58214 -0.926211 -5.266103 -9.582204 -6.558983 -6.058523 -6.351487 -7.726734 -11.749398 -14.724498
GC -4.762505 -3.804911 -6.300644 2.550668 -6.035866 -4.073009 1.841931 -6.151907 -5.266103 5.651993 -4.725325 1.061995 1.317401 -4.847727 -0.215199 -4.243166 -14.724498
GG -9.666422 -12.319207 -5.509521 -6.178448 -11.364122 -12.370276 -4.541707 -13.462768 -9.582204 -4.725325 -2.107827 -5.773053 -6.241098 -11.837407 -4.175909 -11.747199 -14.724498
GU -6.334913 -5.196629 -6.917504 0.448489 -8.283752 -8.05832 -0.537039 -6.062923 -6.558983 1.061995 -5.773053 3.560054 -0.839389 -5.291519 -2.135597 -4.969875 -14.724498
UA -4.631012 -5.844475 -5.947009 1.392849 -2.641198 -7.259967 2.54999 -4.345114 -6.058523 1.317401 -6.241098 -0.839389 5.054085 -3.015521 0.9886 -3.65066 -14.724498
UC -11.990944 -8.59084 -8.286122 -5.450343 -7.360963 -8.36252 -4.630051 -3.911725 -6.351487 -4.847727 -11.837407 -5.291519 -3.015521 -3.36507 -4.962211 -5.136651 -14.724498
UG -6.235047 -7.383931 -5.773467 -0.712296 -6.246224 -8.795976 1.16332 -7.766071 -7.726734 -0.215199 -4.175909 -2.135597 0.9886 -4.962211 3.446348 -4.372372 -14.724498
UU -8.605696 -7.991082 -10.589889 -3.065822 -8.317092 -6.045147 -3.829073 -4.669924 -11.749398 -4.243166 -11.747199 -4.969875 -3.65066 -5.136651 -4.372372 0.089403 -14.724498
NN -14.724498 -14.724498 -14.724498 -14.724498 -14.724498 -14.724498 -14.724498 -14.724498 -14.724498 -14.724498 -14.724498 -14.724498 -14.724498 -14.724498 -14.724498 -14.724498 -14.724498
