 AA AC AG AU CA CC CG CU GA GC GG GU UA UC UG UU NN
AA -3.661004 -5.669315 -10.764249 -4.096321 -11.73734 -12.454505 -3.759445 -12.014094 -9.333156 -5.059784 -12.161514 -5.480064 -3.515853 -12.457168 -3.566303 -10.773432 -12.639302
AC -5.669315 -1.8882 -8.834379 -1.780936 -10.495993 -6.226174 -4.033116 -9.365721 -7.927171 -2.476858 -9.723144 -3.831464 -3.29379 -9.656734 -5.540636 -8.613273 -12.639302
AG -10.764249 -8.834379 -2.774601 -4.476979 -11.167299 -12.639302 -1.888707 -10.819604 -7.167478 -4.223269 -5.078006 -6.955166 -2.54567 -9.882955 -5.742787 -7.839967 -12.639302
AU -4.096321 -1.780936 -4.476979 3.797389 -5.395688 -2.415545 2.391259 -3.241657 -3.484452 3.28421 -4.94368 0.957485 2.03362 -4.369899 -0.080977 -2.951248 -12.639302
CA -11.73734 -10.495993 -11.167299 -5.395688 -5.891868 -9.498778 -2.236998 -8.407108 -9.181607 -4.336556 -11.071131 -6.351383 -3.123235 -8.852079 -6.07627 -8.955075 -12.639302
CC -12.454505 -6.226174 -12.639302 -2.415545 -9.498778 -3.837068 -3.461682 -4.802103 -9.204861 -2.60328 -10.707729 -5.430021 -4.237094 -7.250606 -6.020864 -5.520582 -12.639302
CG -3.759445 -4.033116 -1.888707 2.391259 -2.236998 -3.461682 5.28154 -4.145917 -4.449461 3.179834 -3.918742 0.632148 3.346295 -3.82192 1.605068 -2.158199 -12.639302
CU -12.014094 -9.365721 -10.819604 -3.241657 -8.407108 -4.802103 -4.145917 -3.415892 -8.604958 -2.540934 -6.813116 -4.284986 -3.275908 -5.065727 -5.088867 -6.167759 -12.639302
GA -9.333156 -7.927171 -7.167478 -3.484452 -9.181607 -9.204861 -4.449461 -8.604958 -2.317177 -2.004327 -10.278217 -4.76224 -3.608805 -8.464376 -7.749532 -8.402464 -12.639302
GC -5.059784 -2.476858 -4.223269 3.28421 -4.336556 -2.60328 3.179834 -2.540934 -2.004327 5.635123 -3.755156 1.908474 2.567784 -3.463965 0.840299 -2.414799 -12.639302
GG -12.161514 -9.723144 -5.078006 -4.94368 -11.071131 -10.707729 -3.918742 -6.813116 -10.278217 -3.755156 -2.593348 -4.817141 -5.051337 -9.677794 -4.308597 -7.797747 -12.639302
GU -5.480064 -3.831464 -6.955166 0.957485 -6.351383 -5.430021 0.632148 -4.284986 -4.76224 1.908474 -4.817141 2.984455 0.305863 -4.684977 -1.018892 -3.256992 -12.639302
UA -3.515853 -3.29379 -2.54567 2.03362 -3.123235 -4.237094 3.346295 -3.275908 -3.608805 2.567784 -5.051337 0.305863 4.136135 -2.987832 1.139967 -1.782949 -12.639302
UC -12.457168 -9.656734 -9.882955 -4.369899 -8.852079 -7.250606 -3.82192 -5.065727 -8.464376 -3.463965 -9.677794 -4.684977 -2.987832 -4.945202 -3.322835 -7.188688 -12.639302
UG -3.566303 -5.540636 -5.742787 -0.080977 -6.07627 -6.020864 1.605068 -5.088867 -7.749532 0.840299 -4.308597 -1.018892 1.139967 -3.322835 2.782064 -2.688931 -12.639302
UU -10.773432 -8.613273 -7.839967 -2.951248 -8.955075 -5.520582 -2.158199 -6.167759 -8.402464 -2.414799 -7.797747 -3.256992 -1.782949 -7.188688 -2.688931 -1.564989 -12.639302
NN -12.639302 -12.639302 -12.639302 -12.639302 -12.639302 -12.639302 -12.639302 -12.639302 -12.639302 -12.639302 -12.639302 -12.639302 -12.639302 -12.639302 -12.639302 -12.639302 -12.639302
