 AA AC AG AU CA CC CG CU GA GC GG GU UA UC UG UU NN
AA -1.85778 -7.795482 -8.16788 -4.716281 -9.375261 -14.274122 -4.86001 -11.920929 -6.143031 -4.776124 -9.696316 -6.122991 -4.608221 -11.907325 -6.221353 -8.689436 -14.645811
AC -7.795482 -1.764359 -9.271005 -2.066586 -10.014602 -9.19211 -5.797641 -10.629004 -10.200803 -3.812848 -12.14701 -4.777762 -5.811355 -8.591778 -7.343397 -7.882491 -14.645811
AG -8.16788 -9.271005 -0.672001 -5.709776 -10.555466 -14.645811 -4.738779 -8.925705 -8.829969 -6.281821 -5.46743 -6.911984 -5.41302 -8.331164 -5.793672 -10.604673 -14.645811
AU -4.716281 -2.066586 -5.709776 4.611374 -6.023999 -6.665835 1.527095 -5.551689 -5.832461 2.577308 -6.088474 0.47197 1.435598 -5.383375 -0.676547 -3.021459 -14.645811
CA -9.375261 -10.014602 -10.555466 -6.023999 -5.536054 -11.163315 -3.857237 -7.698888 -8.552776 -5.935928 -10.943476 -8.055616 -2.64826 -7.396508 -6.23097 -8.332644 -14.645811
CC -14.274122 -9.19211 -14.645811 -6.665835 -11.163315 -2.79117 -5.183351 -6.173564 -13.598256 -3.98358 -12.344421 -7.737666 -6.950138 -8.366141 -8.410302 -5.971669 -14.645811
CG -4.86001 -5.797641 -4.738779 1.527095 -3.857237 -5.183351 5.422495 -4.931357 -6.416995 1.904828 -4.540042 -0.470865 2.574464 -4.650382 1.174706 -3.717702 -14.645811
CU -11.920929 -10.629004 -8.925705 -5.551689 -7.698888 -6.173564 -4.931357 -1.841987 -6.636526 -5.888891 -13.43657 -5.863497 -4.305566 -3.958811 -7.38278 -4.694276 -14.645811
GA -6.143031 -10.200803 -8.829969 -5.832461 -8.552776 -13.598256 -6.416995 -6.636526 -0.940229 -5.009354 -9.604245 -6.424476 -6.022169 -6.419547 -7.735731 -11.630242 -14.645811
GC -4.776124 -3.812848 -6.281821 2.577308 -5.935928 -3.98358 1.904828 -5.888891 -5.009354 5.635532 -4.611811 1.102565 1.378884 -4.806888 -0.186105 -4.070588 -14.645811
GG -9.696316 -12.14701 -5.46743 -6.088474 -10.943476 -12.344421 -4.540042 -13.43657 -9.604245 -4.611811 -2.123479 -5.634005 -6.133371 -11.831669 -4.207587 -11.726962 -14.645811
GU -6.122991 -4.777762 -6.911984 0.47197 -8.055616 -7.737666 -0.470865 -5.863497 -6.424476 1.102565 -5.634005 3.543041 -0.778996 -5.185482 -2.093974 -4.866327 -14.645811
UA -4.608221 -5.811355 -5.41302 1.435598 -2.64826 -6.950138 2.574464 -4.305566 -6.022169 1.378884 -6.133371 -0.778996 5.037776 -3.054264 1.007582 -3.576722 -14.645811
UC -11.907325 -8.591778 -8.331164 -5.383375 -7.396508 -8.366141 -4.650382 -3.958811 -6.419547 -4.806888 -11.831669 -5.185482 -3.054264 -3.432645 -4.940584 -5.174004 -14.645811
UG -6.221353 -7.343397 -5.793672 -0.676547 -6.23097 -8.410302 1.174706 -7.38278 -7.735731 -0.186105 -4.207587 -2.093974 1.007582 -4.940584 3.435012 -4.18912 -14.645811
UU -8.689436 -7.882491 -10.604673 -3.021459 -8.332644 -5.971669 -3.717702 -4.694276 -11.630242 -4.070588 -11.726962 -4.866327 -3.576722 -5.174004 -4.18912 0.047813 -14.645811
NN -14.645811 -14.645811 -14.645811 -14.645811 -14.645811 -14.645811 -14.645811 -14.645811 -14.645811 -14.645811 -14.645811 -14.645811 -14.645811 -14.645811 -14.645811 -14.645811 -14.645811
