 AA AC AG AU CA CC CG CU GA GC GG GU UA UC UG UU NN
AA -2.550205 -6.76114 -8.318361 -4.373653 -8.839318 -14.262642 -4.480442 -12.468346 -6.957286 -5.032707 -8.492602 -5.681735 -4.008867 -11.349517 -6.140346 -9.142814 -14.266132
AC -6.76114 -2.058667 -8.94768 -2.015191 -9.430898 -8.80835 -5.756935 -10.07606 -9.653326 -3.804447 -10.962508 -4.295157 -5.216297 -8.682537 -6.928763 -7.784372 -14.266132
AG -8.318361 -8.94768 -0.844055 -4.962592 -10.337924 -14.266132 -4.430114 -10.224709 -8.321969 -5.72083 -5.322809 -6.600452 -4.877005 -8.955172 -5.922902 -11.054885 -14.266132
AU -4.373653 -2.015191 -4.962592 4.45673 -5.514157 -6.291328 1.730863 -5.101502 -5.137243 2.745334 -5.53372 0.61994 1.654191 -4.764198 -0.473391 -2.942215 -14.266132
CA -8.839318 -9.430898 -10.337924 -5.514157 -5.176181 -10.162859 -3.513999 -8.511644 -7.986785 -5.78888 -10.794193 -7.574878 -2.44304 -7.14393 -5.619155 -8.432832 -14.266132
CC -14.262642 -8.80835 -14.266132 -6.291328 -10.162859 -3.654339 -5.426765 -5.671979 -12.291739 -3.57763 -12.48409 -7.43403 -6.364389 -7.447558 -7.807159 -5.314689 -14.266132
CG -4.480442 -5.756935 -4.430114 1.730863 -3.513999 -5.426765 5.343121 -4.937891 -5.902053 2.18714 -4.654997 -0.199093 2.784805 -4.90092 1.334302 -3.552458 -14.266132
CU -12.468346 -10.07606 -10.224709 -5.101502 -8.511644 -5.671979 -4.937891 -2.361279 -7.787426 -5.512324 -13.634485 -5.353713 -4.553081 -3.920087 -7.0413 -5.247889 -14.266132
GA -6.957286 -9.653326 -8.321969 -5.137243 -7.986785 -12.291739 -5.902053 -7.787426 -1.070092 -4.549705 -8.709285 -5.975418 -5.739436 -6.722766 -7.580211 -11.403792 -14.266132
GC -5.032707 -3.804447 -5.72083 2.745334 -5.78888 -3.57763 2.18714 -5.512324 -4.549705 5.603028 -4.027308 1.262291 1.668162 -4.465817 -0.045668 -3.687786 -14.266132
GG -8.492602 -10.962508 -5.322809 -5.53372 -10.794193 -12.48409 -4.654997 -13.634485 -8.709285 -4.027308 -2.002064 -5.586184 -5.601423 -11.91073 -4.307557 -10.820515 -14.266132
GU -5.681735 -4.295157 -6.600452 0.61994 -7.574878 -7.43403 -0.199093 -5.353713 -5.975418 1.262291 -5.586184 3.439454 -0.502583 -5.116977 -2.037093 -4.322698 -14.266132
UA -4.008867 -5.216297 -4.877005 1.654191 -2.44304 -6.364389 2.784805 -4.553081 -5.739436 1.668162 -5.601423 -0.502583 4.933143 -3.032819 1.156416 -3.307716 -14.266132
UC -11.349517 -8.682537 -8.955172 -4.764198 -7.14393 -7.447558 -4.90092 -3.920087 -6.722766 -4.465817 -11.91073 -5.116977 -3.032819 -3.31655 -4.678669 -6.046336 -14.266132
UG -6.140346 -6.928763 -5.922902 -0.473391 -5.619155 -7.807159 1.334302 -7.0413 -7.580211 -0.045668 -4.307557 -2.037093 1.156416 -4.678669 3.343639 -4.036184 -14.266132
UU -9.142814 -7.784372 -11.054885 -2.942215 -8.432832 -5.314689 -3.552458 -5.247889 -11.403792 -3.687786 -10.820515 -4.322698 -3.307716 -6.046336 -4.036184 -0.110619 -14.266132
NN -14.266132 -14.266132 -14.266132 -14.266132 -14.266132 -14.266132 -14.266132 -14.266132 -14.266132 -14.266132 -14.266132 -14.266132 -14.266132 -14.266132 -14.266132 -14.266132 -14.266132
