 AA AC AG AU CA CC CG CU GA GC GG GU UA UC UG UU NN
AA -2.951267 -8.132573 -8.778791 -4.715861 -9.702383 -13.062905 -3.775797 -12.170161 -7.180587 -5.129061 -9.244866 -6.20341 -2.505415 -11.28002 -3.656213 -8.9151 -14.707462
AC -8.132573 -2.137865 -9.256272 -1.611843 -10.21187 -8.734449 -5.301423 -10.331873 -7.780899 -2.763811 -10.026676 -4.58374 -5.248567 -8.791862 -6.965654 -8.147419 -14.707462
AG -8.778791 -9.256272 -1.365903 -5.630846 -9.71582 -14.707462 -2.530978 -9.401394 -9.302815 -5.892207 -4.540755 -7.055791 -2.835404 -8.014132 -5.760753 -10.072693 -14.707462
AU -4.715861 -1.611843 -5.630846 4.196857 -5.475874 -2.568416 2.073816 -4.034448 -3.905124 2.904655 -4.706757 0.759688 1.909957 -4.206113 -0.370024 -2.385864 -14.707462
CA -9.702383 -10.21187 -9.71582 -5.475874 -6.041297 -11.235203 -3.003383 -8.240284 -7.828893 -5.259797 -11.104488 -6.113931 -2.814346 -7.558602 -6.09407 -8.822803 -14.707462
CC -13.062905 -8.734449 -14.707462 -2.568416 -11.235203 -3.862289 -4.997511 -6.821497 -12.248588 -3.527957 -12.142672 -6.716103 -6.068482 -8.438706 -8.013208 -6.376444 -14.707462
CG -3.775797 -5.301423 -2.530978 2.073816 -3.003383 -4.997511 5.198057 -4.330591 -5.748015 2.826422 -4.633743 0.286395 2.987343 -4.325758 1.257166 -3.001902 -14.707462
CU -12.170161 -10.331873 -9.401394 -4.034448 -8.240284 -6.821497 -4.330591 -2.767184 -7.841523 -2.21239 -9.120139 -4.451634 -4.424459 -4.604209 -6.415573 -5.348392 -14.707462
GA -7.180587 -7.780899 -9.302815 -3.905124 -7.828893 -12.248588 -5.748015 -7.841523 -1.664245 -2.653791 -9.258158 -6.394796 -4.626893 -7.162881 -7.756973 -10.284322 -14.707462
GC -5.129061 -2.763811 -5.892207 2.904655 -5.259797 -3.527957 2.826422 -2.21239 -2.653791 5.491963 -4.554063 1.440289 1.976455 -3.968917 0.342433 -2.859795 -14.707462
GG -9.244866 -10.026676 -4.540755 -4.706757 -11.104488 -12.142672 -4.633743 -9.120139 -9.258158 -4.554063 -2.119391 -5.686127 -6.122507 -10.668472 -4.267842 -5.120089 -14.707462
GU -6.20341 -4.58374 -7.055791 0.759688 -6.113931 -6.716103 0.286395 -4.451634 -6.394796 1.440289 -5.686127 3.29619 0.080231 -4.725747 -1.339637 -2.666583 -14.707462
UA -2.505415 -5.248567 -2.835404 1.909957 -2.814346 -6.068482 2.987343 -4.424459 -4.626893 1.976455 -6.122507 0.080231 4.70665 -3.491286 1.065333 -1.617624 -14.707462
UC -11.28002 -8.791862 -8.014132 -4.206113 -7.558602 -8.438706 -4.325758 -4.604209 -7.162881 -3.968917 -10.668472 -4.725747 -3.491286 -3.994846 -4.305674 -6.157681 -14.707462
UG -3.656213 -6.965654 -5.760753 -0.370024 -6.09407 -8.013208 1.257166 -6.415573 -7.756973 0.342433 -4.267842 -1.339637 1.065333 -4.305674 3.174326 -3.67901 -14.707462
UU -8.9151 -8.147419 -10.072693 -2.385864 -8.822803 -6.376444 -3.001902 -5.348392 -10.284322 -2.859795 -5.120089 -2.666583 -1.617624 -6.157681 -3.67901 -0.748205 -14.707462
NN -14.707462 -14.707462 -14.707462 -14.707462 -14.707462 -14.707462 -14.707462 -14.707462 -14.707462 -14.707462 -14.707462 -14.707462 -14.707462 -14.707462 -14.707462 -14.707462 -14.707462
