 AA AC AG AU CA CC CG CU GA GC GG GU UA UC UG UU NN
AA -2.61078 -8.457749 -8.823087 -5.068171 -10.069269 -13.464551 -3.875202 -12.116763 -6.623303 -5.225926 -9.681487 -6.517674 -2.489489 -12.286114 -3.54406 -8.844289 -15.169289
AC -8.457749 -1.862794 -9.605105 -1.65417 -10.553679 -8.873555 -5.443495 -10.686013 -7.181809 -2.701597 -10.393501 -4.9283 -5.601199 -8.897327 -7.176918 -8.386175 -15.169289
AG -8.823087 -9.605105 -1.323783 -6.070063 -10.655375 -15.169289 -2.572643 -9.368995 -9.402471 -6.297442 -4.226735 -7.123422 -2.825043 -8.016659 -5.831082 -9.775341 -15.169289
AU -5.068171 -1.65417 -6.070063 4.254741 -5.771131 -2.376336 2.028206 -4.176943 -3.788908 2.876011 -4.931736 0.744158 1.878068 -4.54725 -0.394194 -2.457492 -15.169289
CA -10.069269 -10.553679 -10.655375 -5.771131 -6.214045 -11.704578 -3.242657 -8.333395 -7.753112 -5.400398 -11.489338 -6.201011 -2.909551 -8.028055 -6.191753 -8.855409 -15.169289
CC -13.464551 -8.873555 -15.169289 -2.376336 -11.704578 -3.459578 -5.077061 -6.847604 -12.889978 -3.757126 -12.063721 -7.115977 -6.480377 -8.959723 -8.312319 -6.653758 -15.169289
CG -3.875202 -5.443495 -2.572643 2.028206 -3.242657 -5.077061 5.221429 -4.380287 -6.026046 2.797773 -4.711698 0.248014 2.926589 -4.336337 1.189861 -3.010428 -15.169289
CU -12.116763 -10.686013 -9.368995 -4.176943 -8.333395 -6.847604 -4.380287 -2.560976 -7.127895 -2.204879 -9.154543 -4.401685 -4.335326 -4.66123 -6.491878 -5.436213 -15.169289
GA -6.623303 -7.181809 -9.402471 -3.788908 -7.753112 -12.889978 -6.026046 -7.127895 -1.620191 -2.572906 -9.901303 -6.191946 -4.880097 -6.957011 -7.680903 -10.15855 -15.169289
GC -5.225926 -2.701597 -6.297442 2.876011 -5.400398 -3.757126 2.797773 -2.204879 -2.572906 5.488713 -4.785556 1.422984 1.886932 -4.169331 0.328644 -3.036916 -15.169289
GG -9.681487 -10.393501 -4.226735 -4.931736 -11.489338 -12.063721 -4.711698 -9.154543 -9.901303 -4.785556 -2.308029 -5.53611 -6.330904 -10.554491 -4.342095 -5.01942 -15.169289
GU -6.517674 -4.9283 -7.123422 0.744158 -6.201011 -7.115977 0.248014 -4.401685 -6.191946 1.422984 -5.53611 3.321556 0.061638 -4.603318 -1.262816 -2.576851 -15.169289
UA -2.489489 -5.601199 -2.825043 1.878068 -2.909551 -6.480377 2.926589 -4.335326 -4.880097 1.886932 -6.330904 0.061638 4.72629 -3.522977 1.04483 -1.582847 -15.169289
UC -12.286114 -8.897327 -8.016659 -4.54725 -8.028055 -8.959723 -4.336337 -4.66123 -6.957011 -4.169331 -10.554491 -4.603318 -3.522977 -4.120134 -4.202156 -5.903624 -15.169289
UG -3.54406 -7.176918 -5.831082 -0.394194 -6.191753 -8.312319 1.189861 -6.491878 -7.680903 0.328644 -4.342095 -1.262816 1.04483 -4.202156 3.190614 -3.656568 -15.169289
UU -8.844289 -8.386175 -9.775341 -2.457492 -8.855409 -6.653758 -3.010428 -5.436213 -10.15855 -3.036916 -5.01942 -2.576851 -1.582847 -5.903624 -3.656568 -0.710453 -15.169289
NN -15.169289 -15.169289 -15.169289 -15.169289 -15.169289 -15.169289 -15.169289 -15.169289 -15.169289 -15.169289 -15.169289 -15.169289 -15.169289 -15.169289 -15.169289 -15.169289 -15.169289
