 AA AC AG AU CA CC CG CU GA GC GG GU UA UC UG UU NN
AA -0.825002 -8.789867 -8.138405 -5.359276 -10.308103 -14.882799 -6.825425 -12.819745 -5.687891 -5.453924 -9.724141 -7.556358 -5.521855 -13.209691 -7.812514 -9.678899 -14.882799
AC -8.789867 -0.373006 -9.290897 -3.967421 -11.024818 -8.404926 -6.611927 -11.5699 -11.4429 -3.714417 -11.976352 -6.687857 -7.71012 -9.07673 -9.465677 -9.329889 -14.882799
AG -8.138405 -9.290897 -0.530688 -7.054159 -11.194324 -13.481756 -5.819005 -12.283301 -8.171979 -7.826605 -6.622184 -6.818141 -8.096193 -12.060908 -6.272483 -10.745708 -14.882799
AU -5.359276 -3.967421 -7.054159 5.057974 -8.234782 -8.6512 -0.509825 -5.917038 -8.901949 1.211343 -7.486873 -0.54295 -0.842372 -6.968751 -2.914705 -3.661803 -14.882799
CA -10.308103 -11.024818 -11.194324 -8.234782 -3.222134 -11.252923 -4.08032 -9.371708 -9.330271 -7.41754 -11.47 -8.808648 -3.163526 -11.6512 -6.541384 -9.794851 -14.882799
CC -14.882799 -8.404926 -13.481756 -8.6512 -11.252923 -1.443437 -4.983769 -7.006763 -14.098427 -4.500461 -12.372949 -8.697368 -8.564968 -9.663875 -8.999601 -5.529107 -14.882799
CG -6.825425 -6.611927 -5.819005 -0.509825 -4.08032 -4.983769 5.904014 -4.966738 -8.166657 0.083242 -5.193348 -1.773088 1.16859 -6.661261 0.702568 -4.925489 -14.882799
CU -12.819745 -11.5699 -12.283301 -5.917038 -9.371708 -7.006763 -4.966738 -1.02293 -13.283301 -7.09271 -12.162963 -6.37015 -6.891351 -5.836156 -8.169272 -6.462324 -14.882799
GA -5.687891 -11.4429 -8.171979 -8.901949 -9.330271 -14.098427 -8.166657 -13.283301 -0.784341 -6.175158 -9.877566 -6.098413 -7.474384 -13.605229 -9.875824 -13.790103 -14.882799
GC -5.453924 -3.714417 -7.826605 1.211343 -7.41754 -4.500461 0.083242 -7.09271 -6.175158 6.014487 -4.89412 0.449452 -1.01069 -4.62633 -2.070411 -5.564783 -14.882799
GG -9.724141 -11.976352 -6.622184 -7.486873 -11.47 -12.372949 -5.193348 -12.162963 -9.877566 -4.89412 -1.979118 -5.91234 -7.961554 -11.698 -5.197368 -12.230797 -14.882799
GU -7.556358 -6.687857 -6.818141 -0.54295 -8.808648 -8.697368 -1.773088 -6.37015 -6.098413 0.449452 -5.91234 3.791724 -3.100373 -5.104041 -3.094738 -5.685699 -14.882799
UA -5.521855 -7.71012 -8.096193 -0.842372 -3.163526 -8.564968 1.16859 -6.891351 -7.474384 -1.01069 -7.961554 -3.100373 5.25148 -5.19832 -0.455153 -4.664927 -14.882799
UC -13.209691 -9.07673 -12.060908 -6.968751 -11.6512 -9.663875 -6.661261 -5.836156 -13.605229 -4.62633 -11.698 -5.104041 -5.19832 -1.481383 -5.996577 -5.123987 -14.882799
UG -7.812514 -9.465677 -6.272483 -2.914705 -6.541384 -8.999601 0.702568 -8.169272 -9.875824 -2.070411 -5.197368 -3.094738 -0.455153 -5.996577 3.750712 -5.777525 -14.882799
UU -9.678899 -9.329889 -10.745708 -3.661803 -9.794851 -5.529107 -4.925489 -6.462324 -13.790103 -5.564783 -12.230797 -5.685699 -4.664927 -5.123987 -5.777525 0.318963 -14.882799
NN -14.882799 -14.882799 -14.882799 -14.882799 -14.882799 -14.882799 -14.882799 -14.882799 -14.882799 -14.882799 -14.882799 -14.882799 -14.882799 -14.882799 -14.882799 -14.882799 -14.882799
