 AA AC AG AU CA CC CG CU GA GC GG GU UA UC UG UU NN
AA -0.734692 -8.761408 -8.174567 -5.223516 -9.833099 -13.08898 -6.060429 -12.192934 -5.650688 -5.056032 -10.05937 -6.640461 -4.828659 -12.543431 -7.106117 -8.233563 -14.292405
AC -8.761408 -0.605554 -9.089901 -2.4691 -10.706774 -7.949542 -5.653725 -11.355941 -10.573351 -3.688353 -12.058132 -5.897557 -6.348401 -8.62802 -7.776401 -7.743282 -14.292405
AG -8.174567 -9.089901 -0.528782 -5.930498 -10.316194 -14.292405 -4.774676 -10.742598 -8.737179 -6.837676 -5.004042 -6.872137 -7.275291 -9.375816 -5.786885 -11.287125 -14.292405
AU -5.223516 -2.4691 -5.930498 4.953654 -7.055859 -7.820531 0.401773 -5.688233 -7.833578 1.803064 -7.058368 0.187586 0.090833 -6.001918 -2.060065 -2.828257 -14.292405
CA -9.833099 -10.706774 -10.316194 -7.055859 -3.93612 -10.946973 -3.481269 -8.131329 -8.382357 -6.3572 -11.211512 -8.28676 -2.491501 -9.785562 -6.317817 -7.48963 -14.292405
CC -13.08898 -7.949542 -14.292405 -7.820531 -10.946973 -1.306537 -4.883511 -7.398206 -13.858003 -4.045761 -12.556636 -8.392358 -7.853075 -8.401983 -9.02403 -6.053916 -14.292405
CG -6.060429 -5.653725 -4.774676 0.401773 -3.481269 -4.883511 5.728164 -4.821085 -7.467762 0.987049 -4.777283 -1.351764 1.812036 -5.31334 0.873614 -4.103847 -14.292405
CU -12.192934 -11.355941 -10.742598 -5.688233 -8.131329 -7.398206 -4.821085 -0.953577 -8.737293 -6.937014 -12.090522 -6.518929 -5.648066 -4.951909 -7.707934 -5.912772 -14.292405
GA -5.650688 -10.573351 -8.737179 -7.833578 -8.382357 -13.858003 -7.467762 -8.737293 -0.6439 -5.897266 -9.746589 -6.199194 -6.413272 -8.231903 -8.405585 -13.481503 -14.292405
GC -5.056032 -3.688353 -6.837676 1.803064 -6.3572 -4.045761 0.987049 -6.937014 -5.897266 5.853953 -5.125302 0.72446 0.107595 -4.523577 -1.223319 -4.440724 -14.292405
GG -10.05937 -12.058132 -5.004042 -7.058368 -11.211512 -12.556636 -4.777283 -12.090522 -9.746589 -5.125302 -2.217265 -5.772316 -7.085635 -11.74698 -4.403049 -11.791094 -14.292405
GU -6.640461 -5.897557 -6.872137 0.187586 -8.28676 -8.392358 -1.351764 -6.518929 -6.199194 0.72446 -5.772316 3.702148 -2.069709 -4.585153 -2.764435 -4.987145 -14.292405
UA -4.828659 -6.348401 -7.275291 0.090833 -2.491501 -7.853075 1.812036 -5.648066 -6.413272 0.107595 -7.085635 -2.069709 5.178342 -4.234331 0.180128 -4.106318 -14.292405
UC -12.543431 -8.62802 -9.375816 -6.001918 -9.785562 -8.401983 -5.31334 -4.951909 -8.231903 -4.523577 -11.74698 -4.585153 -4.234331 -2.468925 -5.90609 -4.331645 -14.292405
UG -7.106117 -7.776401 -5.786885 -2.060065 -6.317817 -9.02403 0.873614 -7.707934 -8.405585 -1.223319 -4.403049 -2.764435 0.180128 -5.90609 3.65226 -4.937236 -14.292405
UU -8.233563 -7.743282 -11.287125 -2.828257 -7.48963 -6.053916 -4.103847 -5.912772 -13.481503 -4.440724 -11.791094 -4.987145 -4.106318 -4.331645 -4.937236 0.188224 -14.292405
NN -14.292405 -14.292405 -14.292405 -14.292405 -14.292405 -14.292405 -14.292405 -14.292405 -14.292405 -14.292405 -14.292405 -14.292405 -14.292405 -14.292405 -14.292405 -14.292405 -14.292405
