 AA AC AG AU CA CC CG CU GA GC GG GU UA UC UG UU NN
AA -1.057823 -9.253768 -9.230676 -6.770948 -999.0 -999.0 -13.806436 -15.01327 -8.67068 -10.300328 -12.311963 -10.53171 -8.066683 -999.0 -10.993636 -999.0 -999.0
AC -9.253768 -0.140297 -10.621131 -4.768189 -13.915237 -8.259686 -11.257411 -999.0 -999.0 -5.18669 -12.825884 -9.712941 -10.549285 -7.458372 -10.968503 -11.369512 -999.0
AG -9.230676 -10.621131 -0.364608 -7.794367 -14.484005 -999.0 -6.951632 -999.0 -10.812912 -9.910265 -9.44225 -10.548068 -10.087994 -11.59061 -8.864326 -13.954616 -999.0
AU -6.770948 -4.768189 -7.794367 5.265285 -9.144384 -12.270866 -4.04323 -6.836456 -14.244741 -1.921181 -9.623965 -2.013801 -3.833728 -8.967866 -5.8347 -5.80307 -999.0
CA -999.0 -13.915237 -14.484005 -9.144384 -1.29827 -10.505403 -4.842784 -9.49837 -10.453728 -11.201906 -9.64187 -15.336227 -4.86275 -12.422677 -9.68648 -12.631558 -999.0
CC -999.0 -8.259686 -999.0 -12.270866 -10.505403 -0.944121 -6.494981 -8.123415 -15.475269 -6.017015 -13.276273 -10.365878 -8.969424 -12.386763 -13.086063 -999.0 -999.0
CG -13.806436 -11.257411 -6.951632 -4.04323 -4.842784 -6.494981 5.926645 -6.180075 -9.216442 -3.544618 -6.473142 -5.479781 -1.747933 -9.814853 -1.358709 -10.443911 -999.0
CU -15.01327 -999.0 -999.0 -6.836456 -9.49837 -8.123415 -6.180075 -0.503498 -14.580534 -7.678179 -16.317723 -6.595651 -9.745024 -8.999236 -11.003851 -7.608229 -999.0
GA -8.67068 -999.0 -10.812912 -14.244741 -10.453728 -15.475269 -9.216442 -14.580534 -0.467348 -7.392235 -8.702184 -7.232597 -8.302773 -999.0 -10.698225 -999.0 -999.0
GC -10.300328 -5.18669 -9.910265 -1.921181 -11.201906 -6.017015 -3.544618 -7.678179 -7.392235 6.048985 -6.140231 -1.646083 -4.163016 -5.999692 -5.090272 -8.2007 -999.0
GG -12.311963 -12.825884 -9.44225 -9.623965 -9.64187 -13.276273 -6.473142 -16.317723 -8.702184 -6.140231 -1.412192 -7.945626 -16.607976 -999.0 -8.597967 -17.422988 -999.0
GU -10.53171 -9.712941 -10.548068 -2.013801 -15.336227 -10.365878 -5.479781 -6.595651 -7.232597 -1.646083 -7.945626 3.96573 -5.615886 -12.683056 -6.992724 -7.28055 -999.0
UA -8.066683 -10.549285 -10.087994 -3.833728 -4.86275 -8.969424 -1.747933 -9.745024 -8.302773 -4.163016 -16.607976 -5.615886 5.500139 -6.562226 -1.967627 -6.008987 -999.0
UC -999.0 -7.458372 -11.59061 -8.967866 -12.422677 -12.386763 -9.814853 -8.999236 -999.0 -5.999692 -999.0 -12.683056 -6.562226 -1.0118 -7.674219 -5.942033 -999.0
UG -10.993636 -10.968503 -8.864326 -5.8347 -9.68648 -13.086063 -1.358709 -11.003851 -10.698225 -5.090272 -8.597967 -6.992724 -1.967627 -7.674219 4.009382 -7.500659 -999.0
UU -999.0 -11.369512 -13.954616 -5.80307 -12.631558 -999.0 -10.443911 -7.608229 -999.0 -8.2007 -17.422988 -7.28055 -6.008987 -5.942033 -7.500659 0.523184 -999.0
NN -999.0 -999.0 -999.0 -999.0 -999.0 -999.0 -999.0 -999.0 -999.0 -999.0 -999.0 -999.0 -999.0 -999.0 -999.0 -999.0 -999.0
