 AA AC AG AU CA CC CG CU GA GC GG GU UA UC UG UU NN
AA -3.322176 -7.471182 -8.63687 -4.552652 -9.542267 -12.907035 -3.698399 -12.497432 -7.480525 -5.246044 -8.735376 -6.014226 -2.641243 -11.698864 -3.780394 -8.633364 -14.404653
AC -7.471182 -2.082522 -9.405483 -1.634554 -10.013721 -8.788775 -5.078107 -10.059963 -7.552817 -2.859245 -10.113675 -4.456086 -4.795126 -8.838915 -6.733207 -8.240171 -14.404653
AG -8.63687 -9.405483 -1.488888 -5.33025 -10.422315 -14.404653 -2.520773 -9.174434 -8.791955 -5.619935 -4.553011 -6.824962 -2.838676 -8.109101 -5.844158 -9.721688 -14.404653
AU -4.552652 -1.634554 -5.33025 4.105084 -5.260515 -2.73906 2.144361 -3.958893 -3.73987 2.984285 -4.556081 0.786968 1.954509 -4.155379 -0.256158 -2.408467 -14.404653
CA -9.542267 -10.013721 -10.422315 -5.260515 -5.854103 -10.622768 -2.825904 -8.773077 -7.273174 -5.039292 -11.28062 -6.064262 -2.645282 -7.655118 -5.836096 -9.045141 -14.404653
CC -12.907035 -8.788775 -14.404653 -2.73906 -10.622768 -4.294726 -4.838239 -6.351639 -11.333581 -3.345961 -11.369675 -6.749585 -5.781619 -8.028167 -7.678234 -6.041977 -14.404653
CG -3.698399 -5.078107 -2.520773 2.144361 -2.825904 -4.838239 5.190434 -4.487131 -5.318577 2.901257 -4.556092 0.345264 3.051804 -4.345772 1.332899 -3.017751 -14.404653
CU -12.497432 -10.059963 -9.174434 -3.958893 -8.773077 -6.351639 -4.487131 -3.087867 -8.260958 -2.280574 -9.349039 -4.481714 -4.506413 -4.612656 -6.443519 -5.971555 -14.404653
GA -7.480525 -7.552817 -8.791955 -3.73987 -7.273174 -11.333581 -5.318577 -8.260958 -1.760479 -2.589527 -8.653607 -6.12323 -4.668368 -7.283787 -7.591501 -10.219622 -14.404653
GC -5.246044 -2.859245 -5.619935 2.984285 -5.039292 -3.345961 2.901257 -2.280574 -2.589527 5.498039 -4.184419 1.504453 2.114609 -3.811795 0.434317 -2.712003 -14.404653
GG -8.735376 -10.113675 -4.553011 -4.556081 -11.28062 -11.369675 -4.556092 -9.349039 -8.653607 -4.184419 -2.075505 -5.473436 -5.780213 -10.400548 -4.361206 -5.415704 -14.404653
GU -6.014226 -4.456086 -6.824962 0.786968 -6.064262 -6.749585 0.345264 -4.481714 -6.12323 1.504453 -5.473436 3.236423 0.111987 -4.723027 -1.30335 -2.802898 -14.404653
UA -2.641243 -4.795126 -2.838676 1.954509 -2.645282 -5.781619 3.051804 -4.506413 -4.668368 2.114609 -5.780213 0.111987 4.619351 -3.395918 1.116473 -1.69287 -14.404653
UC -11.698864 -8.838915 -8.109101 -4.155379 -7.655118 -8.028167 -4.345772 -4.612656 -7.283787 -3.811795 -10.400548 -4.723027 -3.395918 -3.997758 -4.220086 -6.799838 -14.404653
UG -3.780394 -6.733207 -5.844158 -0.256158 -5.836096 -7.678234 1.332899 -6.443519 -7.591501 0.434317 -4.361206 -1.30335 1.116473 -4.220086 3.116458 -3.645727 -14.404653
UU -8.633364 -8.240171 -9.721688 -2.408467 -9.045141 -6.041977 -3.017751 -5.971555 -10.219622 -2.712003 -5.415704 -2.802898 -1.69287 -6.799838 -3.645727 -0.901867 -14.404653
NN -14.404653 -14.404653 -14.404653 -14.404653 -14.404653 -14.404653 -14.404653 -14.404653 -14.404653 -14.404653 -14.404653 -14.404653 -14.404653 -14.404653 -14.404653 -14.404653 -14.404653
