 AA AC AG AU CA CC CG CU GA GC GG GU UA UC UG UU NN
AA -1.011202 -9.070048 -8.199319 -5.27865 -10.404626 -11.643571 -7.027312 -13.323689 -6.360099 -5.866765 -9.970711 -7.66185 -5.974313 -13.237151 -7.76868 -9.709125 -14.309334
AC -9.070048 -0.197692 -9.938756 -3.966228 -11.64064 -8.763546 -6.292449 -11.329052 -12.305031 -3.884358 -12.452897 -6.961591 -7.06311 -8.042505 -9.899981 -9.008499 -14.309334
AG -8.199319 -9.938756 -0.550714 -6.89899 -12.028705 -13.97133 -5.900851 -10.473644 -7.97144 -7.32394 -6.561656 -7.462607 -7.322888 -12.787842 -6.375381 -11.255181 -14.309334
AU -5.27865 -3.966228 -6.89899 5.103073 -8.407844 -7.561728 -0.955604 -5.570739 -8.708983 0.939004 -7.744299 -0.567546 -1.229078 -6.402987 -3.316219 -3.698101 -14.309334
CA -10.404626 -11.64064 -12.028705 -8.407844 -2.213283 -10.046538 -3.864152 -8.097022 -9.175031 -6.39621 -9.409328 -9.285835 -3.307134 -12.375706 -6.479447 -9.353714 -14.309334
CC -11.643571 -8.763546 -13.97133 -7.561728 -10.046538 -1.130748 -5.063494 -6.892763 -10.627236 -4.151723 -12.858531 -7.462313 -7.017283 -9.724939 -8.190745 -5.724469 -14.309334
CG -7.027312 -6.292449 -5.900851 -0.955604 -3.864152 -5.063494 5.941488 -5.491093 -8.326556 -0.188133 -5.35483 -2.324397 0.922946 -6.350809 0.421088 -5.249892 -14.309334
CU -13.323689 -11.329052 -10.473644 -5.570739 -8.097022 -6.892763 -5.491093 -0.703884 -13.759263 -6.707635 -12.641773 -6.256329 -6.501316 -6.461857 -8.362613 -6.447078 -14.309334
GA -6.360099 -12.305031 -7.97144 -8.708983 -9.175031 -10.627236 -8.326556 -13.759263 -0.562492 -6.20934 -8.527517 -6.053205 -6.533131 -10.743072 -9.11429 -14.309334 -14.309334
GC -5.866765 -3.884358 -7.32394 0.939004 -6.39621 -4.151723 -0.188133 -6.707635 -6.20934 6.039694 -5.130575 0.257393 -1.294318 -4.602904 -2.496026 -5.474241 -14.309334
GG -9.970711 -12.452897 -6.561656 -7.744299 -9.409328 -12.858531 -5.35483 -12.641773 -8.527517 -5.130575 -1.520176 -5.938606 -7.579141 -12.270329 -5.507194 -13.076955 -14.309334
GU -7.66185 -6.961591 -7.462607 -0.567546 -9.285835 -7.462313 -2.324397 -6.256329 -6.053205 0.257393 -5.938606 3.831169 -3.473872 -5.432247 -3.609294 -5.145316 -14.309334
UA -5.974313 -7.06311 -7.322888 -1.229078 -3.307134 -7.017283 0.922946 -6.501316 -6.533131 -1.294318 -7.579141 -3.473872 5.251553 -5.399216 -0.598994 -4.63844 -14.309334
UC -13.237151 -8.042505 -12.787842 -6.402987 -12.375706 -9.724939 -6.350809 -6.461857 -10.743072 -4.602904 -12.270329 -5.432247 -5.399216 -1.0768 -6.617822 -5.598033 -14.309334
UG -7.76868 -9.899981 -6.375381 -3.316219 -6.479447 -8.190745 0.421088 -8.362613 -9.11429 -2.496026 -5.507194 -3.609294 -0.598994 -6.617822 3.819397 -5.670743 -14.309334
UU -9.709125 -9.008499 -11.255181 -3.698101 -9.353714 -5.724469 -5.249892 -6.447078 -14.309334 -5.474241 -13.076955 -5.145316 -4.63844 -5.598033 -5.670743 0.24113 -14.309334
NN -14.309334 -14.309334 -14.309334 -14.309334 -14.309334 -14.309334 -14.309334 -14.309334 -14.309334 -14.309334 -14.309334 -14.309334 -14.309334 -14.309334 -14.309334 -14.309334 -14.309334
