 AA AC AG AU CA CC CG CU GA GC GG GU UA UC UG UU NN
AA -1.716286 -8.18337 -8.046583 -4.744339 -10.02998 -14.292835 -5.248533 -12.105428 -5.989457 -4.74303 -9.964914 -6.3793 -4.744667 -12.105428 -6.343005 -8.499292 -14.981914
AC -8.18337 -1.737955 -9.214465 -2.110093 -10.012065 -9.203797 -5.926801 -11.184271 -10.247566 -3.817115 -12.653521 -5.979846 -6.070643 -8.842156 -7.723891 -7.988232 -14.981914
AG -8.046583 -9.214465 -0.602559 -6.000059 -10.699963 -14.981914 -4.934192 -8.756054 -9.29796 -6.445758 -5.499411 -6.944338 -6.697113 -8.159134 -5.729746 -10.528517 -14.981914
AU -4.744339 -2.110093 -6.000059 4.66543 -6.252917 -7.156733 1.387091 -5.856694 -6.361574 2.499526 -6.342443 0.407737 1.322441 -5.592882 -0.78655 -3.10729 -14.981914
CA -10.02998 -10.012065 -10.699963 -6.252917 -5.459227 -11.508734 -3.926192 -7.472553 -8.683868 -6.25216 -11.667572 -8.551162 -2.635376 -7.347321 -6.286563 -8.238357 -14.981914
CC -14.292835 -9.203797 -14.981914 -7.156733 -11.508734 -2.604688 -5.399454 -6.201106 -13.842362 -4.136286 -12.316743 -8.28989 -7.466615 -8.489849 -9.008131 -6.325728 -14.981914
CG -5.248533 -5.926801 -4.934192 1.387091 -3.926192 -5.399454 5.473254 -4.917118 -6.676371 1.6941 -4.510742 -0.671757 2.492321 -4.640139 1.124276 -4.059091 -14.981914
CU -12.105428 -11.184271 -8.756054 -5.856694 -7.472553 -6.201106 -4.917118 -1.692696 -6.445094 -6.317162 -13.440377 -6.551443 -4.317785 -3.989298 -8.005491 -4.66191 -14.981914
GA -5.989457 -10.247566 -9.29796 -6.361574 -8.683868 -13.842362 -6.676371 -6.445094 -0.917126 -5.514565 -9.742445 -6.726455 -6.102308 -6.248763 -7.669674 -11.776947 -14.981914
GC -4.74303 -3.817115 -6.445758 2.499526 -6.25216 -4.136286 1.6941 -6.317162 -5.514565 5.674184 -4.922677 0.985422 1.197472 -4.964019 -0.273948 -4.483022 -14.981914
GG -9.964914 -12.653521 -5.499411 -6.342443 -11.667572 -12.316743 -4.510742 -13.440377 -9.742445 -4.922677 -2.09758 -5.860736 -6.353524 -11.85324 -4.118979 -11.768253 -14.981914
GU -6.3793 -5.979846 -6.944338 0.407737 -8.551162 -8.28989 -0.671757 -6.551443 -6.726455 0.985422 -5.860736 3.590686 -0.947785 -5.510076 -2.161966 -5.101334 -14.981914
UA -4.744667 -6.070643 -6.697113 1.322441 -2.635376 -7.466615 2.492321 -4.317785 -6.102308 1.197472 -6.353524 -0.947785 5.086264 -2.986799 0.941744 -3.790309 -14.981914
UC -12.105428 -8.842156 -8.159134 -5.592882 -7.347321 -8.489849 -4.640139 -3.989298 -6.248763 -4.964019 -11.85324 -5.510076 -2.986799 -3.303927 -5.099263 -5.088932 -14.981914
UG -6.343005 -7.723891 -5.729746 -0.78655 -6.286563 -9.008131 1.124276 -8.005491 -7.669674 -0.273948 -4.118979 -2.161966 0.941744 -5.099263 3.472205 -4.586861 -14.981914
UU -8.499292 -7.988232 -10.528517 -3.10729 -8.238357 -6.325728 -4.059091 -4.66191 -11.776947 -4.483022 -11.768253 -5.101334 -3.790309 -5.088932 -4.586861 0.154598 -14.981914
NN -14.981914 -14.981914 -14.981914 -14.981914 -14.981914 -14.981914 -14.981914 -14.981914 -14.981914 -14.981914 -14.981914 -14.981914 -14.981914 -14.981914 -14.981914 -14.981914 -14.981914
