 AA AC AG AU CA CC CG CU GA GC GG GU UA UC UG UU NN
AA -0.923156 -8.233117 -8.184731 -5.074304 -10.138409 -13.325433 -5.592898 -11.535826 -6.059197 -4.801101 -10.3123 -6.525134 -4.690309 -12.943174 -6.433425 -7.969426 -14.58969
AC -8.233117 -0.875145 -8.844549 -2.125902 -9.743494 -8.221951 -5.403803 -10.810685 -10.71061 -3.521794 -12.352101 -5.792986 -6.151717 -8.496275 -7.482069 -7.548359 -14.58969
AG -8.184731 -8.844549 -0.628866 -5.995221 -11.186889 -14.58969 -4.586123 -9.177703 -9.278699 -6.570408 -4.852164 -6.886463 -6.906782 -8.449825 -5.269871 -10.660897 -14.58969
AU -5.074304 -2.125902 -5.995221 4.825833 -6.447307 -7.244863 0.986779 -5.826247 -7.176753 2.175582 -6.832976 0.365975 0.6965 -5.726983 -1.372211 -2.796278 -14.58969
CA -10.138409 -9.743494 -11.186889 -6.447307 -4.464668 -10.816007 -3.411385 -7.712348 -8.821937 -5.838118 -10.555331 -8.315303 -2.372858 -7.784943 -6.14199 -7.627173 -14.58969
CC -13.325433 -8.221951 -14.58969 -7.244863 -10.816007 -1.470152 -5.016738 -5.962836 -13.581701 -3.742129 -10.762107 -7.8533 -7.034906 -8.148178 -8.50277 -5.956552 -14.58969
CG -5.592898 -5.403803 -4.586123 0.986779 -3.411385 -5.016738 5.629885 -4.750301 -6.841722 1.536401 -4.400057 -0.982124 2.165892 -4.795577 1.037174 -3.797545 -14.58969
CU -11.535826 -10.810685 -9.177703 -5.826247 -7.712348 -5.962836 -4.750301 -1.098383 -6.769538 -6.505095 -12.593028 -6.660557 -4.710539 -4.702454 -7.760202 -4.385879 -14.58969
GA -6.059197 -10.71061 -9.278699 -7.176753 -8.821937 -13.581701 -6.841722 -6.769538 -0.700295 -5.496583 -9.490767 -6.497978 -6.003127 -6.614901 -7.63697 -11.835142 -14.58969
GC -4.801101 -3.521794 -6.570408 2.175582 -5.838118 -3.742129 1.536401 -6.505095 -5.496583 5.785597 -4.957683 0.984971 0.746572 -4.536326 -0.608764 -4.234616 -14.58969
GG -10.3123 -12.352101 -4.852164 -6.832976 -10.555331 -10.762107 -4.400057 -12.593028 -9.490767 -4.957683 -2.249826 -5.988654 -6.485506 -11.730001 -4.028399 -11.670613 -14.58969
GU -6.525134 -5.792986 -6.886463 0.365975 -8.315303 -7.8533 -0.982124 -6.660557 -6.497978 0.984971 -5.988654 3.607431 -1.510981 -4.96233 -2.44605 -4.808052 -14.58969
UA -4.690309 -6.151717 -6.906782 0.6965 -2.372858 -7.034906 2.165892 -4.710539 -6.003127 0.746572 -6.485506 -1.510981 5.089377 -3.357418 0.586538 -3.899753 -14.58969
UC -12.943174 -8.496275 -8.449825 -5.726983 -7.784943 -8.148178 -4.795577 -4.702454 -6.614901 -4.536326 -11.730001 -4.96233 -3.357418 -3.215706 -5.694902 -4.542122 -14.58969
UG -6.433425 -7.482069 -5.269871 -1.372211 -6.14199 -8.50277 1.037174 -7.760202 -7.63697 -0.608764 -4.028399 -2.44605 0.586538 -5.694902 3.536383 -4.464665 -14.58969
UU -7.969426 -7.548359 -10.660897 -2.796278 -7.627173 -5.956552 -3.797545 -4.385879 -11.835142 -4.234616 -11.670613 -4.808052 -3.899753 -4.542122 -4.464665 0.060143 -14.58969
NN -14.58969 -14.58969 -14.58969 -14.58969 -14.58969 -14.58969 -14.58969 -14.58969 -14.58969 -14.58969 -14.58969 -14.58969 -14.58969 -14.58969 -14.58969 -14.58969 -14.58969
