 AA AC AG AU CA CC CG CU GA GC GG GU UA UC UG UU NN
AA -2.977945 -8.15184 -8.795526 -4.705614 -9.721865 -13.048848 -3.773426 -12.186424 -7.20023 -5.11412 -9.257957 -6.137568 -2.508329 -11.297832 -3.651482 -8.935713 -14.714956
AC -8.15184 -2.148227 -9.268002 -1.618315 -10.22586 -8.719379 -5.264178 -10.344152 -7.790114 -2.739545 -10.032665 -4.581666 -5.224272 -8.804034 -6.966455 -8.161283 -14.714956
AG -8.795526 -9.268002 -1.37958 -5.640008 -9.727013 -14.714956 -2.524617 -9.402889 -9.311596 -5.890965 -4.54607 -7.067918 -2.832882 -8.018564 -5.769898 -9.993828 -14.714956
AU -4.705614 -1.618315 -5.640008 4.180265 -5.465875 -2.552387 2.084474 -4.036368 -3.918418 2.911613 -4.704882 0.760314 1.916236 -4.204834 -0.362239 -2.38838 -14.714956
CA -9.721865 -10.22586 -9.727013 -5.465875 -6.055046 -11.242032 -2.99723 -8.254951 -7.810297 -5.246229 -11.107336 -6.104922 -2.81836 -7.573677 -6.090903 -8.844642 -14.714956
CC -13.048848 -8.719379 -14.714956 -2.552387 -11.242032 -3.863565 -4.981628 -6.830142 -12.226981 -3.519758 -12.093108 -6.708662 -6.052339 -8.447424 -8.001502 -6.392516 -14.714956
CG -3.773426 -5.264178 -2.524617 2.084474 -2.99723 -4.981628 5.203709 -4.32617 -5.74849 2.842501 -4.61552 0.299444 2.996129 -4.318939 1.262035 -3.00652 -14.714956
CU -12.186424 -10.344152 -9.402889 -4.036368 -8.254951 -6.830142 -4.32617 -2.783317 -7.854802 -2.204952 -9.083559 -4.451986 -4.362091 -4.619861 -6.36557 -5.370787 -14.714956
GA -7.20023 -7.790114 -9.311596 -3.918418 -7.810297 -12.226981 -5.74849 -7.854802 -1.677943 -2.640046 -9.102957 -6.401223 -4.626179 -7.177475 -7.766547 -10.262201 -14.714956
GC -5.11412 -2.739545 -5.890965 2.911613 -5.246229 -3.519758 2.842501 -2.204952 -2.640046 5.499012 -4.533673 1.447073 1.993532 -3.939841 0.350393 -2.839185 -14.714956
GG -9.257957 -10.032665 -4.54607 -4.704882 -11.107336 -12.093108 -4.61552 -9.083559 -9.102957 -4.533673 -2.118941 -5.690383 -6.1047 -10.665449 -4.265754 -5.119855 -14.714956
GU -6.137568 -4.581666 -7.067918 0.760314 -6.104922 -6.708662 0.299444 -4.451986 -6.401223 1.447073 -5.690383 3.289295 0.092178 -4.728148 -1.329941 -2.680333 -14.714956
UA -2.508329 -5.224272 -2.832882 1.916236 -2.81836 -6.052339 2.996129 -4.362091 -4.626179 1.993532 -6.1047 0.092178 4.68996 -3.498069 1.063939 -1.620816 -14.714956
UC -11.297832 -8.804034 -8.018564 -4.204834 -7.573677 -8.447424 -4.318939 -4.619861 -7.177475 -3.939841 -10.665449 -4.728148 -3.498069 -4.010843 -4.27946 -6.181089 -14.714956
UG -3.651482 -6.966455 -5.769898 -0.362239 -6.090903 -8.001502 1.262035 -6.36557 -7.766547 0.350393 -4.265754 -1.329941 1.063939 -4.27946 3.165202 -3.655476 -14.714956
UU -8.935713 -8.161283 -9.993828 -2.38838 -8.844642 -6.392516 -3.00652 -5.370787 -10.262201 -2.839185 -5.119855 -2.680333 -1.620816 -6.181089 -3.655476 -0.775393 -14.714956
NN -14.714956 -14.714956 -14.714956 -14.714956 -14.714956 -14.714956 -14.714956 -14.714956 -14.714956 -14.714956 -14.714956 -14.714956 -14.714956 -14.714956 -14.714956 -14.714956 -14.714956
