 AA AC AG AU CA CC CG CU GA GC GG GU UA UC UG UU NN
AA -2.029457 -4.152369 -10.027553 -4.279775 -10.353671 -12.770497 -5.111086 -10.890645 -8.267787 -5.097137 -11.574092 -5.810389 -3.557335 -11.462098 -4.785443 -9.886641 -12.770497
AC -4.152369 -0.96776 -7.675964 -2.233234 -9.208345 -5.077606 -4.059048 -8.065845 -7.477971 -3.777074 -10.897383 -3.364163 -3.459864 -8.64353 -5.97921 -7.284022 -12.770497
AG -10.027553 -7.675964 -1.503063 -3.760049 -10.353894 -11.862836 -2.914158 -10.912158 -5.773336 -3.932651 -4.33365 -5.897853 -4.122225 -9.918803 -5.198027 -10.361101 -12.770497
AU -4.279775 -2.233234 -3.760049 4.311478 -6.048185 -3.809801 1.694083 -3.997307 -3.320079 2.982622 -5.176667 0.935969 1.613907 -4.323857 -0.471425 -2.841779 -12.770497
CA -10.353671 -9.208345 -10.353894 -6.048185 -4.501153 -8.19535 -2.442821 -7.944132 -9.02249 -4.35893 -10.123676 -6.621256 -2.576959 -8.85846 -5.370962 -7.587123 -12.770497
CC -12.770497 -5.077606 -11.862836 -3.809801 -8.19535 -2.606501 -3.268777 -3.502418 -9.182538 -2.342848 -10.63153 -5.691283 -4.379609 -6.361211 -5.278637 -4.183096 -12.770497
CG -5.111086 -4.059048 -2.914158 1.694083 -2.442821 -3.268777 5.48053 -4.936172 -5.749771 2.156877 -3.911045 0.048082 3.012979 -3.733348 1.573204 -2.517183 -12.770497
CU -10.890645 -8.065845 -10.912158 -3.997307 -7.944132 -3.502418 -4.936172 -2.255837 -8.863758 -4.491175 -11.989903 -4.020507 -3.55291 -4.463888 -5.826072 -4.78967 -12.770497
GA -8.267787 -7.477971 -5.773336 -3.320079 -9.02249 -9.182538 -5.749771 -8.863758 -0.948354 -2.491013 -9.652991 -4.401443 -4.311961 -8.342869 -7.551727 -8.955747 -12.770497
GC -5.097137 -3.777074 -3.932651 2.982622 -4.35893 -2.342848 2.156877 -4.491175 -2.491013 5.755275 -3.50384 1.714559 1.793242 -3.918497 0.073397 -2.364616 -12.770497
GG -11.574092 -10.897383 -4.33365 -5.176667 -10.123676 -10.63153 -3.911045 -11.989903 -9.652991 -3.50384 -3.129915 -4.208227 -4.881799 -11.75446 -4.092578 -11.141498 -12.770497
GU -5.810389 -3.364163 -5.897853 0.935969 -6.621256 -5.691283 0.048082 -4.020507 -4.401443 1.714559 -4.208227 3.234178 -0.400088 -3.986483 -2.160196 -3.107504 -12.770497
UA -3.557335 -3.459864 -4.122225 1.613907 -2.576959 -4.379609 3.012979 -3.55291 -4.311961 1.793242 -4.881799 -0.400088 4.529418 -2.986046 1.187372 -3.142846 -12.770497
UC -11.462098 -8.64353 -9.918803 -4.323857 -8.85846 -6.361211 -3.733348 -4.463888 -8.342869 -3.918497 -11.75446 -3.986483 -2.986046 -4.722336 -3.668651 -5.899187 -12.770497
UG -4.785443 -5.97921 -5.198027 -0.471425 -5.370962 -5.278637 1.573204 -5.826072 -7.551727 0.073397 -4.092578 -2.160196 1.187372 -3.668651 3.198405 -4.223053 -12.770497
UU -9.886641 -7.284022 -10.361101 -2.841779 -7.587123 -4.183096 -2.517183 -4.78967 -8.955747 -2.364616 -11.141498 -3.107504 -3.142846 -5.899187 -4.223053 -0.628755 -12.770497
NN -12.770497 -12.770497 -12.770497 -12.770497 -12.770497 -12.770497 -12.770497 -12.770497 -12.770497 -12.770497 -12.770497 -12.770497 -12.770497 -12.770497 -12.770497 -12.770497 -12.770497
