 AA AC AG AU CA CC CG CU GA GC GG GU UA UC UG UU NN
AA -3.379427 -5.443034 -10.538361 -4.215986 -11.511085 -12.291074 -3.903364 -11.781491 -9.152573 -5.134004 -11.990356 -6.265015 -3.497713 -12.237325 -3.549434 -10.482296 -12.522681
AC -5.443034 -1.720849 -8.674713 -1.698615 -10.324199 -6.170319 -4.245567 -9.194075 -7.876715 -2.857181 -9.61212 -3.760583 -3.177312 -9.51908 -5.421946 -8.399426 -12.522681
AG -10.538361 -8.674713 -2.603986 -4.317929 -11.101298 -12.522681 -1.83364 -10.694873 -6.996297 -4.130816 -4.964264 -6.794887 -2.431217 -9.723117 -5.649854 -8.185035 -12.522681
AU -4.215986 -1.698615 -4.317929 3.916317 -5.432777 -2.704613 2.309532 -3.163497 -3.347711 3.237553 -4.862175 0.973967 1.986903 -4.350627 -0.111272 -2.96411 -12.522681
CA -11.511085 -10.324199 -11.101298 -5.432777 -5.720084 -9.381904 -2.229292 -8.229221 -9.0188 -4.328002 -11.009049 -6.619345 -3.129531 -8.67417 -5.962299 -8.716213 -12.522681
CC -12.291074 -6.170319 -12.522681 -2.704613 -9.381904 -3.775058 -3.548452 -4.679087 -9.201016 -2.587851 -10.647354 -5.362949 -4.200261 -7.127589 -5.92805 -5.337688 -12.522681
CG -3.903364 -4.245567 -1.83364 2.309532 -2.229292 -3.548452 5.240006 -4.157464 -4.371239 3.040457 -4.001361 0.514858 3.293383 -3.802033 1.569667 -2.076338 -12.522681
CU -11.781491 -9.194075 -10.694873 -3.163497 -8.229221 -4.679087 -4.157464 -3.232318 -8.498566 -2.569632 -6.935963 -4.18734 -3.578824 -4.891983 -5.491115 -5.946856 -12.522681
GA -9.152573 -7.876715 -6.996297 -3.347711 -9.0188 -9.201016 -4.371239 -8.498566 -2.146273 -2.094615 -10.207825 -4.63755 -3.510969 -8.298985 -7.632414 -8.418961 -12.522681
GC -5.134004 -2.857181 -4.130816 3.237553 -4.328002 -2.587851 3.040457 -2.569632 -2.094615 5.579768 -3.863946 1.868386 2.442984 -3.61014 0.789921 -2.598341 -12.522681
GG -11.990356 -9.61212 -4.964264 -4.862175 -11.009049 -10.647354 -4.001361 -6.935963 -10.207825 -3.863946 -2.55223 -4.71509 -5.176893 -9.671985 -4.228475 -7.621833 -12.522681
GU -6.265015 -3.760583 -6.794887 0.973967 -6.619345 -5.362949 0.514858 -4.18734 -4.63755 1.868386 -4.71509 3.019242 0.216016 -4.725543 -1.137666 -3.098416 -12.522681
UA -3.497713 -3.177312 -2.431217 1.986903 -3.129531 -4.200261 3.293383 -3.578824 -3.510969 2.442984 -5.176893 0.216016 4.259574 -2.869938 1.166714 -1.772016 -12.522681
UC -12.237325 -9.51908 -9.723117 -4.350627 -8.67417 -7.127589 -3.802033 -4.891983 -8.298985 -3.61014 -9.671985 -4.725543 -2.869938 -4.766384 -3.459133 -6.946207 -12.522681
UG -3.549434 -5.421946 -5.649854 -0.111272 -5.962299 -5.92805 1.569667 -5.491115 -7.632414 0.789921 -4.228475 -1.137666 1.166714 -3.459133 2.864947 -2.80151 -12.522681
UU -10.482296 -8.399426 -8.185035 -2.96411 -8.716213 -5.337688 -2.076338 -5.946856 -8.418961 -2.598341 -7.621833 -3.098416 -1.772016 -6.946207 -2.80151 -1.346077 -12.522681
NN -12.522681 -12.522681 -12.522681 -12.522681 -12.522681 -12.522681 -12.522681 -12.522681 -12.522681 -12.522681 -12.522681 -12.522681 -12.522681 -12.522681 -12.522681 -12.522681 -12.522681
