 AA AC AG AU CA CC CG CU GA GC GG GU UA UC UG UU NN
AA -0.559828 -8.621395 -7.913388 -5.257433 -9.665215 -12.805828 -5.967689 -12.020461 -6.072375 -4.974224 -9.980975 -6.623733 -4.850368 -12.406497 -7.192695 -8.167052 -13.991493
AC -8.621395 -0.311542 -8.946905 -2.356247 -10.495956 -7.609034 -5.401865 -11.137993 -10.869116 -3.371183 -11.767128 -5.718549 -6.466431 -8.500462 -7.649867 -7.5954 -13.991493
AG -7.913388 -8.946905 -0.576835 -5.908912 -10.584721 -13.991493 -4.636538 -11.091959 -8.492132 -6.871884 -4.698677 -7.019843 -7.419021 -9.829395 -5.767721 -11.204396 -13.991493
AU -5.257433 -2.356247 -5.908912 4.945383 -7.058369 -7.802157 0.275012 -5.67818 -7.883563 1.687185 -7.098606 0.183284 -0.257807 -5.982767 -2.330635 -2.80328 -13.991493
CA -9.665215 -10.495956 -10.584721 -7.058369 -3.534479 -10.660644 -3.245292 -8.442436 -8.768785 -6.045972 -9.590331 -8.16032 -2.348352 -8.958889 -6.227637 -7.337168 -13.991493
CC -12.805828 -7.609034 -13.991493 -7.802157 -10.660644 -0.794072 -4.789385 -6.68158 -13.963933 -3.757038 -12.221441 -8.139573 -6.976617 -8.149622 -8.898159 -5.834769 -13.991493
CG -5.967689 -5.401865 -4.636538 0.275012 -3.245292 -4.789385 5.828068 -4.650405 -7.291336 1.043301 -4.621715 -1.336213 1.694836 -5.346804 0.885391 -4.057968 -13.991493
CU -12.020461 -11.137993 -11.091959 -5.67818 -8.442436 -6.68158 -4.650405 -0.791154 -9.234204 -6.715704 -11.803511 -6.452157 -5.570844 -5.362289 -7.641451 -5.80182 -13.991493
GA -6.072375 -10.869116 -8.492132 -7.883563 -8.768785 -13.963933 -7.291336 -9.234204 -0.558238 -5.72395 -9.373646 -6.11145 -6.513929 -8.752739 -8.261985 -13.417367 -13.991493
GC -4.974224 -3.371183 -6.871884 1.687185 -6.045972 -3.757038 1.043301 -6.715704 -5.72395 5.937933 -4.7531 0.80964 -0.029004 -4.269049 -1.238888 -4.27311 -13.991493
GG -9.980975 -11.767128 -4.698677 -7.098606 -9.590331 -12.221441 -4.621715 -11.803511 -9.373646 -4.7531 -2.295315 -5.672209 -6.79864 -11.738921 -4.214237 -11.840733 -13.991493
GU -6.623733 -5.718549 -7.019843 0.183284 -8.16032 -8.139573 -1.336213 -6.452157 -6.11145 0.80964 -5.672209 3.689147 -2.285799 -4.369486 -2.910513 -4.882399 -13.991493
UA -4.850368 -6.466431 -7.419021 -0.257807 -2.348352 -6.976617 1.694836 -5.570844 -6.513929 -0.029004 -6.79864 -2.285799 5.115961 -4.344657 0.064479 -4.194897 -13.991493
UC -12.406497 -8.500462 -9.829395 -5.982767 -8.958889 -8.149622 -5.346804 -5.362289 -8.752739 -4.269049 -11.738921 -4.369486 -4.344657 -2.51225 -6.240039 -4.236926 -13.991493
UG -7.192695 -7.649867 -5.767721 -2.330635 -6.227637 -8.898159 0.885391 -7.641451 -8.261985 -1.238888 -4.214237 -2.910513 0.064479 -6.240039 3.62973 -4.962622 -13.991493
UU -8.167052 -7.5954 -11.204396 -2.80328 -7.337168 -5.834769 -4.057968 -5.80182 -13.417367 -4.27311 -11.840733 -4.882399 -4.194897 -4.236926 -4.962622 0.116562 -13.991493
NN -13.991493 -13.991493 -13.991493 -13.991493 -13.991493 -13.991493 -13.991493 -13.991493 -13.991493 -13.991493 -13.991493 -13.991493 -13.991493 -13.991493 -13.991493 -13.991493 -13.991493
