 AA AC AG AU CA CC CG CU GA GC GG GU UA UC UG UU NN
AA -0.872782 -8.882614 -8.476347 -5.048352 -9.719668 -13.504111 -6.347418 -12.094171 -5.940095 -5.356605 -10.782894 -6.965513 -5.168105 -11.798946 -6.997089 -9.278548 -13.964625
AC -8.882614 -0.558067 -8.61603 -3.447492 -10.665599 -8.024202 -6.56852 -11.250658 -10.2124 -4.006898 -12.318498 -6.060049 -6.912618 -8.734752 -9.239432 -8.59493 -13.964625
AG -8.476347 -8.61603 -0.418552 -6.283885 -10.960882 -13.225282 -5.337119 -11.573177 -8.693135 -7.583237 -6.517172 -6.690869 -7.496384 -11.502351 -5.831901 -9.580896 -13.964625
AU -5.048352 -3.447492 -6.283885 5.079456 -7.649241 -8.037019 -0.230273 -5.30925 -8.174271 1.446467 -7.162539 -0.28656 -0.299375 -6.638554 -2.512308 -3.3518 -13.964625
CA -9.719668 -10.665599 -10.960882 -7.649241 -3.235244 -10.63271 -4.003501 -8.715663 -8.663188 -7.202227 -12.099288 -8.805776 -2.918531 -10.972815 -5.969465 -9.564221 -13.964625
CC -13.504111 -8.024202 -13.225282 -8.037019 -10.63271 -1.667625 -5.080514 -7.563868 -13.180028 -4.263661 -12.899714 -8.636304 -8.212491 -8.437995 -8.477286 -5.641312 -13.964625
CG -6.347418 -6.56852 -5.337119 -0.230273 -4.003501 -5.080514 5.731018 -4.913262 -7.926792 0.073398 -5.218471 -1.72934 1.452752 -6.535218 0.694156 -4.837222 -13.964625
CU -12.094171 -11.250658 -11.573177 -5.30925 -8.715663 -7.563868 -4.913262 -0.976671 -13.964625 -6.873127 -11.379263 -6.181354 -6.493042 -5.23612 -7.983121 -6.209313 -13.964625
GA -5.940095 -10.2124 -8.693135 -8.174271 -8.663188 -13.180028 -7.926792 -13.964625 -0.72504 -5.983048 -9.170447 -5.939615 -6.857781 -13.147752 -9.116019 -13.606373 -13.964625
GC -5.356605 -4.006898 -7.583237 1.446467 -7.202227 -4.263661 0.073398 -6.873127 -5.983048 5.859796 -5.233957 0.453343 -0.612627 -4.693751 -1.959387 -5.133681 -13.964625
GG -10.782894 -12.318498 -6.517172 -7.162539 -12.099288 -12.899714 -5.218471 -11.379263 -9.170447 -5.233957 -1.93855 -5.918423 -7.340823 -11.59282 -5.113927 -11.052956 -13.964625
GU -6.965513 -6.060049 -6.690869 -0.28656 -8.805776 -8.636304 -1.72934 -6.181354 -5.939615 0.453343 -5.918423 3.791804 -2.563545 -5.488615 -2.964729 -5.134509 -13.964625
UA -5.168105 -6.912618 -7.496384 -0.299375 -2.918531 -8.212491 1.452752 -6.493042 -6.857781 -0.612627 -7.340823 -2.563545 5.315759 -5.140825 -0.071806 -4.396283 -13.964625
UC -11.798946 -8.734752 -11.502351 -6.638554 -10.972815 -8.437995 -6.535218 -5.23612 -13.147752 -4.693751 -11.59282 -5.488615 -5.140825 -1.840073 -5.702021 -4.902947 -13.964625
UG -6.997089 -9.239432 -5.831901 -2.512308 -5.969465 -8.477286 0.694156 -7.983121 -9.116019 -1.959387 -5.113927 -2.964729 -0.071806 -5.702021 3.769533 -5.199198 -13.964625
UU -9.278548 -8.59493 -9.580896 -3.3518 -9.564221 -5.641312 -4.837222 -6.209313 -13.606373 -5.133681 -11.052956 -5.134509 -4.396283 -4.902947 -5.199198 0.42188 -13.964625
NN -13.964625 -13.964625 -13.964625 -13.964625 -13.964625 -13.964625 -13.964625 -13.964625 -13.964625 -13.964625 -13.964625 -13.964625 -13.964625 -13.964625 -13.964625 -13.964625 -13.964625
