 AA AC AG AU CA CC CG CU GA GC GG GU UA UC UG UU NN
AA -1.718643 -8.199305 -8.062779 -4.753676 -10.045915 -14.300285 -5.256243 -12.121502 -6.005652 -4.75074 -9.972884 -6.395634 -4.754038 -12.121502 -6.35934 -8.52399 -14.981138
AC -8.199305 -1.727853 -9.222175 -2.126167 -10.019514 -9.202761 -5.926025 -11.191859 -10.255276 -3.789321 -12.653006 -5.987695 -6.086826 -8.849744 -7.73174 -8.004445 -14.981138
AG -8.062779 -9.222175 -0.610323 -6.016469 -10.707673 -14.981138 -4.933677 -8.763903 -9.305931 -6.445243 -5.499157 -6.952448 -6.713448 -8.166983 -5.737856 -10.54499 -14.981138
AU -4.753676 -2.126167 -6.016469 4.670023 -6.268991 -7.164322 1.379242 -5.872907 -6.377908 2.49177 -6.350552 0.395005 1.299987 -5.609185 -0.803026 -3.132143 -14.981138
CA -10.045915 -10.019514 -10.707673 -6.268991 -5.466676 -11.507698 -3.925416 -7.480476 -8.691578 -6.251385 -11.667057 -8.559011 -2.650686 -7.35491 -6.294412 -8.25457 -14.981138
CC -14.300285 -9.202761 -14.981138 -7.164322 -11.507698 -2.595166 -5.390193 -6.200209 -13.841587 -4.127025 -12.307742 -8.289254 -7.474204 -8.488952 -9.007495 -6.333455 -14.981138
CG -5.256243 -5.926025 -4.933677 1.379242 -3.925416 -5.390193 5.485315 -4.916482 -6.675856 1.703129 -4.502002 -0.671236 2.484547 -4.639502 1.124776 -4.067079 -14.981138
CU -12.121502 -11.191859 -8.763903 -5.872907 -7.480476 -6.200209 -4.916482 -1.699347 -6.452943 -6.316526 -13.440001 -6.559431 -4.334035 -3.997025 -8.013479 -4.678262 -14.981138
GA -6.005652 -10.255276 -9.305931 -6.377908 -8.691578 -13.841587 -6.675856 -6.452943 -0.925096 -5.51405 -9.74219 -6.72634 -6.118642 -6.256612 -7.677784 -11.793421 -14.981138
GC -4.75074 -3.789321 -6.445243 2.49177 -6.251385 -4.127025 1.703129 -6.316526 -5.51405 5.686385 -4.895708 0.986392 1.189623 -4.963382 -0.273572 -4.49101 -14.981138
GG -9.972884 -12.653006 -5.499157 -6.350552 -11.667057 -12.307742 -4.502002 -13.440001 -9.74219 -4.895708 -2.087836 -5.856766 -6.361633 -11.852864 -4.118864 -11.776501 -14.981138
GU -6.395634 -5.987695 -6.952448 0.395005 -8.559011 -8.289254 -0.671236 -6.559431 -6.72634 0.986392 -5.856766 3.588664 -0.964059 -5.518064 -2.170215 -5.118054 -14.981138
UA -4.754038 -6.086826 -6.713448 1.299987 -2.650686 -7.474204 2.484547 -4.334035 -6.118642 1.189623 -6.361633 -0.964059 5.084559 -2.999609 0.926854 -3.815172 -14.981138
UC -12.121502 -8.849744 -8.166983 -5.609185 -7.35491 -8.488952 -4.639502 -3.997025 -6.256612 -4.963382 -11.852864 -5.518064 -2.999609 -3.188588 -5.098951 -5.099686 -14.981138
UG -6.35934 -7.73174 -5.737856 -0.803026 -6.294412 -9.007495 1.124776 -8.013479 -7.677784 -0.273572 -4.118864 -2.170215 0.926854 -5.098951 3.469084 -4.603474 -14.981138
UU -8.52399 -8.004445 -10.54499 -3.132143 -8.25457 -6.333455 -4.067079 -4.678262 -11.793421 -4.49101 -11.776501 -5.118054 -3.815172 -5.099686 -4.603474 0.150257 -14.981138
NN -14.981138 -14.981138 -14.981138 -14.981138 -14.981138 -14.981138 -14.981138 -14.981138 -14.981138 -14.981138 -14.981138 -14.981138 -14.981138 -14.981138 -14.981138 -14.981138 -14.981138
