 AA AC AG AU CA CC CG CU GA GC GG GU UA UC UG UU NN
AA -2.478732 -5.948466 -8.388616 -4.467841 -9.465565 -14.105258 -4.519232 -11.825528 -6.522827 -5.228548 -8.385949 -5.80435 -3.844391 -12.400633 -6.158825 -7.738174 -14.105258
AC -5.948466 -1.655125 -9.003574 -1.867665 -8.754032 -7.437593 -5.454672 -9.573683 -9.343313 -3.962475 -11.012728 -4.136676 -4.580107 -8.047384 -6.642259 -7.34514 -14.105258
AG -8.388616 -9.003574 -1.044348 -4.944547 -9.9624 -13.742507 -3.965777 -10.401324 -7.785569 -5.381702 -4.774534 -6.506666 -4.385751 -8.885313 -5.695107 -10.890259 -14.105258
AU -4.467841 -1.867665 -4.944547 4.425062 -5.175168 -5.748113 1.726709 -4.708066 -4.491209 2.793727 -5.297963 0.772787 1.597752 -4.513949 -0.399803 -2.665647 -14.105258
CA -9.465565 -8.754032 -9.9624 -5.175168 -4.783044 -9.412742 -3.188661 -8.689378 -7.438331 -5.579815 -10.424449 -7.191619 -2.45701 -7.184571 -5.410843 -8.232493 -14.105258
CC -14.105258 -7.437593 -13.742507 -5.748113 -9.412742 -3.124026 -5.146743 -4.910036 -10.95737 -3.175684 -11.925405 -7.410731 -6.130829 -6.494214 -7.370958 -4.528582 -14.105258
CG -4.519232 -5.454672 -3.965777 1.726709 -3.188661 -5.146743 5.361971 -4.72803 -5.474932 2.190904 -4.49358 -0.131377 2.794958 -4.651162 1.399463 -3.18326 -14.105258
CU -11.825528 -9.573683 -10.401324 -4.708066 -8.689378 -4.910036 -4.72803 -2.344765 -7.364792 -5.937095 -12.681768 -4.868511 -4.386307 -4.09643 -6.560335 -4.88386 -14.105258
GA -6.522827 -9.343313 -7.785569 -4.491209 -7.438331 -10.95737 -5.474932 -7.364792 -1.028781 -4.157995 -7.607811 -5.341423 -4.925105 -6.699587 -6.980585 -10.314363 -14.105258
GC -5.228548 -3.962475 -5.381702 2.793727 -5.579815 -3.175684 2.190904 -5.937095 -4.157995 5.617649 -3.952589 1.39244 1.694277 -4.475786 0.053911 -3.188391 -14.105258
GG -8.385949 -11.012728 -4.774534 -5.297963 -10.424449 -11.925405 -4.49358 -12.681768 -7.607811 -3.952589 -2.222277 -5.046102 -5.343885 -11.576584 -4.28863 -11.347232 -14.105258
GU -5.80435 -4.136676 -6.506666 0.772787 -7.191619 -7.410731 -0.131377 -4.868511 -5.341423 1.39244 -5.046102 3.369157 -0.462993 -4.941879 -2.055138 -3.93971 -14.105258
UA -3.844391 -4.580107 -4.385751 1.597752 -2.45701 -6.130829 2.794958 -4.386307 -4.925105 1.694277 -5.343885 -0.462993 4.848398 -3.104871 1.261143 -3.078828 -14.105258
UC -12.400633 -8.047384 -8.885313 -4.513949 -7.184571 -6.494214 -4.651162 -4.09643 -6.699587 -4.475786 -11.576584 -4.941879 -3.104871 -3.826412 -4.777387 -5.874265 -14.105258
UG -6.158825 -6.642259 -5.695107 -0.399803 -5.410843 -7.370958 1.399463 -6.560335 -6.980585 0.053911 -4.28863 -2.055138 1.261143 -4.777387 3.294973 -4.052067 -14.105258
UU -7.738174 -7.34514 -10.890259 -2.665647 -8.232493 -4.528582 -3.18326 -4.88386 -10.314363 -3.188391 -11.347232 -3.93971 -3.078828 -5.874265 -4.052067 -0.243687 -14.105258
NN -14.105258 -14.105258 -14.105258 -14.105258 -14.105258 -14.105258 -14.105258 -14.105258 -14.105258 -14.105258 -14.105258 -14.105258 -14.105258 -14.105258 -14.105258 -14.105258 -14.105258
