 AA AC AG AU CA CC CG CU GA GC GG GU UA UC UG UU NN
AA -0.901563 -8.248066 -8.206071 -5.063718 -10.1511 -13.331912 -5.610089 -11.546371 -6.08838 -4.819667 -10.325788 -6.544412 -4.708839 -12.957775 -6.458322 -7.983989 -14.601274
AC -8.248066 -0.84322 -8.855825 -2.131881 -9.75092 -8.22664 -5.40517 -10.819808 -10.733967 -3.513431 -12.356937 -5.797097 -6.169484 -8.506808 -7.497239 -7.56117 -14.601274
AG -8.206071 -8.855825 -0.629978 -6.013818 -11.206686 -14.601274 -4.5788 -9.207082 -9.305243 -6.530634 -4.854308 -6.899423 -6.931803 -8.479281 -5.268253 -10.679982 -14.601274
AU -5.063718 -2.131881 -6.013818 4.831887 -6.464343 -7.23678 0.964738 -5.84719 -7.197303 2.157085 -6.851187 0.351933 0.665052 -5.745902 -1.398067 -2.815026 -14.601274
CA -10.1511 -9.75092 -11.206686 -6.464343 -4.060872 -10.821909 -3.412093 -7.734671 -8.843405 -5.846136 -10.570847 -8.326598 -2.387139 -7.81179 -6.146074 -7.640437 -14.601274
CC -13.331912 -8.22664 -14.601274 -7.23678 -10.821909 -1.433512 -5.021204 -5.972517 -13.601772 -3.742529 -10.784514 -7.86344 -7.058053 -8.156718 -8.344131 -5.968633 -14.601274
CG -5.610089 -5.40517 -4.5788 0.964738 -3.412093 -5.021204 5.634758 -4.76199 -6.8538 1.524732 -4.406846 -0.993395 2.145887 -4.815531 1.029054 -3.808905 -14.601274
CU -11.546371 -10.819808 -9.207082 -5.84719 -7.734671 -5.972517 -4.76199 -1.084075 -6.800323 -6.519255 -12.596842 -6.67561 -4.722822 -4.734967 -7.774362 -4.401135 -14.601274
GA -6.08838 -10.733967 -9.305243 -7.197303 -8.843405 -13.601772 -6.8538 -6.800323 -0.676374 -5.495792 -9.498664 -6.512799 -5.994533 -6.645749 -7.653948 -11.861355 -14.601274
GC -4.819667 -3.513431 -6.530634 2.157085 -5.846136 -3.742529 1.524732 -6.519255 -5.495792 5.792675 -4.965532 0.98209 0.725893 -4.547161 -0.623248 -4.233952 -14.601274
GG -10.325788 -12.356937 -4.854308 -6.851187 -10.570847 -10.784514 -4.406846 -12.596842 -9.498664 -4.965532 -2.244192 -6.002397 -6.499111 -11.74241 -4.037894 -11.685913 -14.601274
GU -6.544412 -5.797097 -6.899423 0.351933 -8.326598 -7.86344 -0.993395 -6.67561 -6.512799 0.98209 -6.002397 3.613486 -1.536418 -4.974176 -2.459019 -4.787795 -14.601274
UA -4.708839 -6.169484 -6.931803 0.665052 -2.387139 -7.058053 2.145887 -4.722822 -5.994533 0.725893 -6.499111 -1.536418 5.090502 -3.382412 0.568585 -3.912005 -14.601274
UC -12.957775 -8.506808 -8.479281 -5.745902 -7.81179 -8.156718 -4.815531 -4.734967 -6.645749 -4.547161 -11.74241 -4.974176 -3.382412 -3.110994 -5.723499 -4.547224 -14.601274
UG -6.458322 -7.497239 -5.268253 -1.398067 -6.146074 -8.344131 1.029054 -7.774362 -7.653948 -0.623248 -4.037894 -2.459019 0.568585 -5.723499 3.544534 -4.467464 -14.601274
UU -7.983989 -7.56117 -10.679982 -2.815026 -7.640437 -5.968633 -3.808905 -4.401135 -11.861355 -4.233952 -11.685913 -4.787795 -3.912005 -4.547224 -4.467464 0.081613 -14.601274
NN -14.601274 -14.601274 -14.601274 -14.601274 -14.601274 -14.601274 -14.601274 -14.601274 -14.601274 -14.601274 -14.601274 -14.601274 -14.601274 -14.601274 -14.601274 -14.601274 -14.601274
