 AA AC AG AU CA CC CG CU GA GC GG GU UA UC UG UU NN
AA -2.032955 -8.211363 -8.126086 -4.437303 -9.67589 -13.201339 -4.910572 -12.274695 -6.576775 -4.739188 -9.110781 -5.931403 -4.381332 -10.851921 -6.112973 -9.041162 -14.968406
AC -8.211363 -1.981584 -9.040145 -2.190575 -9.634013 -9.413405 -5.972486 -10.85034 -9.955256 -3.727424 -12.111514 -5.63535 -5.79215 -8.668107 -7.38596 -7.66073 -14.968406
AG -8.126086 -9.040145 -0.66059 -5.48864 -9.643106 -14.968406 -4.693209 -9.027008 -9.506561 -6.132683 -5.473546 -6.952131 -6.41684 -8.205817 -5.732697 -10.710239 -14.968406
AU -4.437303 -2.190575 -5.48864 4.607885 -6.114134 -6.973676 1.458841 -5.519537 -6.147797 2.541101 -5.863453 0.480826 1.45827 -5.254079 -0.785572 -3.078179 -14.968406
CA -9.67589 -9.634013 -9.643106 -6.114134 -5.288257 -11.480627 -3.71821 -7.47733 -8.420538 -6.281828 -12.108476 -8.489387 -2.598259 -6.811101 -6.047936 -8.278694 -14.968406
CC -13.201339 -9.413405 -14.968406 -6.973676 -11.480627 -2.96414 -5.496035 -6.360849 -13.452505 -3.923603 -12.923908 -7.901709 -7.322317 -7.825526 -8.790008 -6.078287 -14.968406
CG -4.910572 -5.972486 -4.693209 1.458841 -3.71821 -5.496035 5.448807 -4.818365 -6.461597 1.768136 -4.616121 -0.574747 2.594081 -4.825629 1.202931 -4.007167 -14.968406
CU -12.274695 -10.85034 -9.027008 -5.519537 -7.47733 -6.360849 -4.818365 -1.845177 -7.208878 -6.035321 -14.002931 -6.517373 -4.466267 -3.879438 -7.800215 -4.549338 -14.968406
GA -6.576775 -9.955256 -9.506561 -6.147797 -8.420538 -13.452505 -6.461597 -7.208878 -0.982645 -5.453285 -9.044728 -6.622392 -6.073095 -6.484412 -7.655735 -11.608265 -14.968406
GC -4.739188 -3.727424 -6.132683 2.541101 -6.281828 -3.923603 1.768136 -6.035321 -5.453285 5.676076 -4.67445 1.033801 1.314693 -4.767407 -0.291341 -4.418636 -14.968406
GG -9.110781 -12.111514 -5.473546 -5.863453 -12.108476 -12.923908 -4.616121 -14.002931 -9.044728 -4.67445 -1.953767 -6.183081 -6.090402 -11.419645 -4.12156 -11.282387 -14.968406
GU -5.931403 -5.63535 -6.952131 0.480826 -8.489387 -7.901709 -0.574747 -6.517373 -6.622392 1.033801 -6.183081 3.565952 -0.802105 -5.868484 -2.189297 -4.990161 -14.968406
UA -4.381332 -5.79215 -6.41684 1.45827 -2.598259 -7.322317 2.594081 -4.466267 -6.073095 1.314693 -6.090402 -0.802105 5.063441 -2.969975 0.989393 -3.662753 -14.968406
UC -10.851921 -8.668107 -8.205817 -5.254079 -6.811101 -7.825526 -4.825629 -3.879438 -6.484412 -4.767407 -11.419645 -5.868484 -2.969975 -3.172852 -4.952907 -5.363249 -14.968406
UG -6.112973 -7.38596 -5.732697 -0.785572 -6.047936 -8.790008 1.202931 -7.800215 -7.655735 -0.291341 -4.12156 -2.189297 0.989393 -4.952907 3.453072 -4.614925 -14.968406
UU -9.041162 -7.66073 -10.710239 -3.078179 -8.278694 -6.078287 -4.007167 -4.549338 -11.608265 -4.418636 -11.282387 -4.990161 -3.662753 -5.363249 -4.614925 0.147337 -14.968406
NN -14.968406 -14.968406 -14.968406 -14.968406 -14.968406 -14.968406 -14.968406 -14.968406 -14.968406 -14.968406 -14.968406 -14.968406 -14.968406 -14.968406 -14.968406 -14.968406 -14.968406
