 AA AC AG AU CA CC CG CU GA GC GG GU UA UC UG UU NN
AA -3.609728 -6.506098 -9.407384 -4.455473 -10.196117 -12.957827 -3.612281 -12.299958 -7.538722 -5.260089 -8.518225 -5.719589 -3.004715 -12.472819 -3.871386 -8.876238 -13.618081
AC -6.506098 -1.768262 -9.668566 -1.650784 -9.706294 -7.719242 -4.800436 -9.713995 -7.033038 -2.89501 -9.841055 -4.010676 -3.973207 -8.55829 -6.210094 -8.183037 -13.618081
AG -9.407384 -9.668566 -1.925993 -4.949754 -10.336244 -13.618081 -2.219728 -10.830649 -8.183115 -4.985797 -4.452391 -6.631674 -2.696889 -9.189002 -5.644804 -8.588721 -13.618081
AU -4.455473 -1.650784 -4.949754 3.94843 -4.961891 -2.726595 2.276059 -3.57531 -3.725269 3.111328 -4.52578 0.87116 2.006324 -3.870116 -0.129174 -2.478503 -13.618081
CA -10.196117 -9.706294 -10.336244 -4.961891 -5.744254 -9.757993 -2.599836 -8.336953 -6.88167 -4.397927 -10.397493 -5.487686 -2.848065 -7.558234 -5.770089 -9.039 -13.618081
CC -12.957827 -7.719242 -13.618081 -2.726595 -9.757993 -3.97946 -4.065233 -5.568579 -10.365314 -2.83973 -10.780047 -5.869784 -4.796336 -7.274677 -6.604385 -5.308578 -13.618081
CG -3.612281 -4.800436 -2.219728 2.276059 -2.599836 -4.065233 5.202415 -4.322762 -4.520571 3.030664 -4.308394 0.463827 3.14992 -4.279775 1.466062 -2.660992 -13.618081
CU -12.299958 -9.713995 -10.830649 -3.57531 -8.336953 -5.568579 -4.322762 -3.347813 -8.136154 -2.436123 -8.33354 -4.232369 -3.97251 -4.98792 -5.681152 -5.900934 -13.618081
GA -7.538722 -7.033038 -8.183115 -3.725269 -6.88167 -10.365314 -4.520571 -8.136154 -1.955516 -2.43018 -8.340805 -5.355803 -4.109674 -7.577327 -6.921332 -9.438167 -13.618081
GC -5.260089 -2.89501 -4.985797 3.111328 -4.397927 -2.83973 3.030664 -2.436123 -2.43018 5.519457 -3.752767 1.682486 2.325917 -3.73793 0.630533 -2.482237 -13.618081
GG -8.518225 -9.841055 -4.452391 -4.52578 -10.397493 -10.780047 -4.308394 -8.33354 -8.340805 -3.752767 -2.240197 -5.172777 -5.305995 -10.301183 -4.364906 -5.963354 -13.618081
GU -5.719589 -4.010676 -6.631674 0.87116 -5.487686 -5.869784 0.463827 -4.232369 -5.355803 1.682486 -5.172777 3.108478 0.216764 -4.728095 -1.199191 -3.032991 -13.618081
UA -3.004715 -3.973207 -2.696889 2.006324 -2.848065 -4.796336 3.14992 -3.97251 -4.109674 2.325917 -5.305995 0.216764 4.424367 -3.416238 1.202786 -1.728436 -13.618081
UC -12.472819 -8.55829 -9.189002 -3.870116 -7.558234 -7.274677 -4.279775 -4.98792 -7.577327 -3.73793 -10.301183 -4.728095 -3.416238 -4.716621 -3.949802 -6.959667 -13.618081
UG -3.871386 -6.210094 -5.644804 -0.129174 -5.770089 -6.604385 1.466062 -5.681152 -6.921332 0.630533 -4.364906 -1.199191 1.202786 -3.949802 2.974974 -3.158685 -13.618081
UU -8.876238 -8.183037 -8.588721 -2.478503 -9.039 -5.308578 -2.660992 -5.900934 -9.438167 -2.482237 -5.963354 -3.032991 -1.728436 -6.959667 -3.158685 -1.300718 -13.618081
NN -13.618081 -13.618081 -13.618081 -13.618081 -13.618081 -13.618081 -13.618081 -13.618081 -13.618081 -13.618081 -13.618081 -13.618081 -13.618081 -13.618081 -13.618081 -13.618081 -13.618081
