 AA AC AG AU CA CC CG CU GA GC GG GU UA UC UG UU NN
AA -1.924377 -8.490803 -8.521412 -4.683341 -9.801212 -13.893618 -5.122439 -11.956553 -6.318091 -4.727376 -9.858285 -6.226703 -4.58641 -11.615798 -6.230593 -8.815082 -14.741137
AC -8.490803 -1.884475 -8.919009 -2.174766 -9.776374 -9.171267 -5.869031 -11.097647 -10.145794 -3.755541 -12.317882 -5.818584 -5.853103 -8.89203 -7.529735 -7.798154 -14.741137
AG -8.521412 -8.919009 -0.623084 -5.794728 -10.320252 -14.741137 -4.815763 -8.95383 -9.652614 -6.285067 -5.49013 -6.917366 -6.563472 -8.056015 -5.66889 -10.228825 -14.741137
AU -4.683341 -2.174766 -5.794728 4.636122 -6.08145 -7.011263 1.425281 -5.633909 -6.223078 2.516002 -6.031167 0.433493 1.412421 -5.419826 -0.784159 -3.13786 -14.741137
CA -9.801212 -9.776374 -10.320252 -6.08145 -5.436659 -11.339263 -3.839013 -7.553984 -8.559719 -6.229252 -11.970981 -8.384195 -2.654813 -7.153432 -6.15931 -8.2391 -14.741137
CC -13.893618 -9.171267 -14.741137 -7.011263 -11.339263 -2.797368 -5.433974 -6.373206 -13.571973 -4.041154 -11.711383 -8.101695 -7.458998 -7.91516 -8.785135 -6.20616 -14.741137
CG -5.122439 -5.869031 -4.815763 1.425281 -3.839013 -5.433974 5.467429 -4.863245 -6.448761 1.726971 -4.557655 -0.672047 2.533056 -4.598696 1.145804 -4.048403 -14.741137
CU -11.956553 -11.097647 -8.95383 -5.633909 -7.553984 -6.373206 -4.863245 -1.773894 -6.973501 -6.083653 -13.351709 -6.509385 -4.356948 -3.873601 -7.754363 -4.61251 -14.741137
GA -6.318091 -10.145794 -9.652614 -6.223078 -8.559719 -13.571973 -6.448761 -6.973501 -0.960795 -5.362801 -9.324092 -6.553856 -6.060722 -6.492987 -7.470545 -11.772737 -14.741137
GC -4.727376 -3.755541 -6.285067 2.516002 -6.229252 -4.041154 1.726971 -6.083653 -5.362801 5.683597 -4.769542 0.991525 1.250974 -4.894103 -0.30088 -4.421216 -14.741137
GG -9.858285 -12.317882 -5.49013 -6.031167 -11.970981 -11.711383 -4.557655 -13.351709 -9.324092 -4.769542 -1.988865 -5.825865 -6.218294 -11.3551 -4.111991 -11.07013 -14.741137
GU -6.226703 -5.818584 -6.917366 0.433493 -8.384195 -8.101695 -0.672047 -6.509385 -6.553856 0.991525 -5.825865 3.579074 -0.866404 -5.513661 -2.240268 -5.07297 -14.741137
UA -4.58641 -5.853103 -6.563472 1.412421 -2.654813 -7.458998 2.533056 -4.356948 -6.060722 1.250974 -6.218294 -0.866404 5.074909 -2.994846 0.959597 -3.678906 -14.741137
UC -11.615798 -8.89203 -8.056015 -5.419826 -7.153432 -7.91516 -4.598696 -3.873601 -6.492987 -4.894103 -11.3551 -5.513661 -2.994846 -3.166513 -4.939987 -5.225603 -14.741137
UG -6.230593 -7.529735 -5.66889 -0.784159 -6.15931 -8.785135 1.145804 -7.754363 -7.470545 -0.30088 -4.111991 -2.240268 0.959597 -4.939987 3.464721 -4.611841 -14.741137
UU -8.815082 -7.798154 -10.228825 -3.13786 -8.2391 -6.20616 -4.048403 -4.61251 -11.772737 -4.421216 -11.07013 -5.07297 -3.678906 -5.225603 -4.611841 0.15105 -14.741137
NN -14.741137 -14.741137 -14.741137 -14.741137 -14.741137 -14.741137 -14.741137 -14.741137 -14.741137 -14.741137 -14.741137 -14.741137 -14.741137 -14.741137 -14.741137 -14.741137 -14.741137
