 AA AC AG AU CA CC CG CU GA GC GG GU UA UC UG UU NN
AA -3.604396 -6.502939 -9.404046 -4.450515 -10.192959 -12.956841 -3.611143 -12.295948 -7.535384 -5.2674 -8.516881 -5.715854 -3.009318 -12.468809 -3.867214 -8.869203 -13.619089
AC -6.502939 -1.767276 -9.667401 -1.646893 -9.705308 -7.720429 -4.8016 -9.712157 -7.031873 -2.896043 -9.841884 -4.008804 -3.985185 -8.556452 -6.208298 -8.178175 -13.619089
AG -9.404046 -9.667401 -1.924649 -4.947836 -10.335079 -13.619089 -2.220556 -10.828632 -8.181771 -4.987535 -4.453041 -6.629915 -2.706803 -9.186986 -5.642609 -8.58368 -13.619089
AU -4.450515 -1.646893 -4.947836 3.954354 -4.964573 -2.724904 2.27225 -3.57056 -3.721189 3.10977 -4.524673 0.870513 2.008155 -3.865621 -0.135244 -2.470905 -13.619089
CA -10.192959 -9.705308 -10.335079 -4.964573 -5.743268 -9.75918 -2.600903 -8.335115 -6.880505 -4.399309 -10.398321 -5.486137 -2.845187 -7.556396 -5.768073 -9.034138 -13.619089
CC -12.956841 -7.720429 -13.619089 -2.724904 -9.75918 -3.98282 -4.068448 -5.568915 -10.366322 -2.842943 -10.783049 -5.87005 -4.795786 -7.275013 -6.604541 -5.30589 -13.619089
CG -3.611143 -4.8016 -2.220556 2.27225 -2.600903 -4.068448 5.199338 -4.322918 -4.5214 3.026606 -4.311261 0.461643 3.146352 -4.280005 1.464505 -2.658124 -13.619089
CU -12.295948 -9.712157 -10.828632 -3.57056 -8.335115 -5.568915 -4.322918 -3.345124 -8.134138 -2.436422 -8.333518 -4.229534 -3.967882 -4.985232 -5.678373 -5.895221 -13.619089
GA -7.535384 -7.031873 -8.181771 -3.721189 -6.880505 -10.366322 -4.5214 -8.134138 -1.954172 -2.431009 -8.341455 -5.353608 -4.106675 -7.57531 -6.919421 -9.433127 -13.619089
GC -5.2674 -2.896043 -4.987535 3.10977 -4.399309 -2.842943 3.026606 -2.436422 -2.431009 5.516285 -3.755589 1.681929 2.323257 -3.738212 0.629367 -2.479369 -13.619089
GG -8.516881 -9.841884 -4.453041 -4.524673 -10.398321 -10.783049 -4.311261 -8.333518 -8.341455 -3.755589 -2.24284 -5.172575 -5.305411 -10.301161 -4.364705 -5.960307 -13.619089
GU -5.715854 -4.008804 -6.629915 0.870513 -5.486137 -5.87005 0.461643 -4.229534 -5.353608 1.681929 -5.172575 3.111245 0.212083 -4.725227 -1.196835 -3.027675 -13.619089
UA -3.009318 -3.985185 -2.706803 2.008155 -2.845187 -4.795786 3.146352 -3.967882 -4.106675 2.323257 -5.305411 0.212083 4.429725 -3.412146 1.203771 -1.720773 -13.619089
UC -12.468809 -8.556452 -9.186986 -3.865621 -7.556396 -7.275013 -4.280005 -4.985232 -7.57531 -3.738212 -10.301161 -4.725227 -3.412146 -4.713932 -3.946934 -6.953954 -13.619089
UG -3.867214 -6.208298 -5.642609 -0.135244 -5.768073 -6.604541 1.464505 -5.678373 -6.919421 0.629367 -4.364705 -1.196835 1.203771 -3.946934 2.978015 -3.152793 -13.619089
UU -8.869203 -8.178175 -8.58368 -2.470905 -9.034138 -5.30589 -2.658124 -5.895221 -9.433127 -2.479369 -5.960307 -3.027675 -1.720773 -6.953954 -3.152793 -1.291981 -13.619089
NN -13.619089 -13.619089 -13.619089 -13.619089 -13.619089 -13.619089 -13.619089 -13.619089 -13.619089 -13.619089 -13.619089 -13.619089 -13.619089 -13.619089 -13.619089 -13.619089 -13.619089
