 AA AC AG AU CA CC CG CU GA GC GG GU UA UC UG UU NN
AA -1.270103 -8.044389 -8.134476 -4.793535 -9.950356 -13.828619 -5.292556 -11.752755 -6.21206 -4.819396 -10.040145 -6.448578 -4.687229 -12.071468 -6.513923 -8.169896 -14.717821
AC -8.044389 -1.201787 -9.0699 -2.074617 -9.589155 -8.647187 -5.601409 -10.725178 -10.434168 -3.563005 -12.381692 -5.763362 -6.006593 -8.413994 -7.647936 -7.58983 -14.717821
AG -8.134476 -9.0699 -0.648464 -5.98695 -10.838235 -14.717821 -4.676365 -9.036861 -9.07914 -6.447232 -5.144155 -6.788175 -6.84255 -8.412681 -5.468146 -10.408151 -14.717821
AU -4.793535 -2.074617 -5.98695 4.721864 -6.174049 -6.938888 1.251507 -5.817602 -6.527219 2.393532 -6.328581 0.419726 1.048645 -5.513936 -0.998916 -2.891224 -14.717821
CA -9.950356 -9.589155 -10.838235 -6.174049 -4.533601 -11.015503 -3.569338 -7.5828 -8.636414 -5.954008 -10.911463 -8.362278 -2.433641 -7.449508 -6.134492 -7.87711 -14.717821
CC -13.828619 -8.647187 -14.717821 -6.938888 -11.015503 -1.918257 -5.228905 -5.62883 -13.862359 -3.880208 -11.171608 -7.935116 -7.166829 -8.019731 -8.508637 -5.843078 -14.717821
CG -5.292556 -5.601409 -4.676365 1.251507 -3.569338 -5.228905 5.553957 -4.736594 -6.635441 1.695809 -4.463044 -0.722936 2.37894 -4.697904 1.099602 -3.840695 -14.717821
CU -11.752755 -10.725178 -9.036861 -5.817602 -7.5828 -5.62883 -4.736594 -1.322821 -6.753546 -6.241141 -12.959096 -6.391221 -4.450496 -4.261753 -7.79732 -4.301879 -14.717821
GA -6.21206 -10.434168 -9.07914 -6.527219 -8.636414 -13.862359 -6.635441 -6.753546 -0.772811 -5.413177 -9.430684 -6.622273 -6.184797 -6.558608 -7.641908 -11.922362 -14.717821
GC -4.819396 -3.563005 -6.447232 2.393532 -5.954008 -3.880208 1.695809 -6.241141 -5.413177 5.738713 -4.726035 1.043278 1.061924 -4.681381 -0.371173 -4.222448 -14.717821
GG -10.040145 -12.381692 -5.144155 -6.328581 -10.911463 -11.171608 -4.463044 -12.959096 -9.430684 -4.726035 -2.168412 -5.8223 -6.252585 -11.68678 -3.963952 -11.676938 -14.717821
GU -6.448578 -5.763362 -6.788175 0.419726 -8.362278 -7.935116 -0.722936 -6.391221 -6.622273 1.043278 -5.8223 3.57394 -1.121326 -5.224049 -2.263193 -4.82211 -14.717821
UA -4.687229 -6.006593 -6.84255 1.048645 -2.433641 -7.166829 2.37894 -4.450496 -6.184797 1.061924 -6.252585 -1.121326 5.054685 -3.204978 0.807297 -3.760593 -14.717821
UC -12.071468 -8.413994 -8.412681 -5.513936 -7.449508 -8.019731 -4.697904 -4.261753 -6.558608 -4.681381 -11.68678 -5.224049 -3.204978 -3.291017 -5.335924 -4.793714 -14.717821
UG -6.513923 -7.647936 -5.468146 -0.998916 -6.134492 -8.508637 1.099602 -7.79732 -7.641908 -0.371173 -3.963952 -2.263193 0.807297 -5.335924 3.478025 -4.533653 -14.717821
UU -8.169896 -7.58983 -10.408151 -2.891224 -7.87711 -5.843078 -3.840695 -4.301879 -11.922362 -4.222448 -11.676938 -4.82211 -3.760593 -4.793714 -4.533653 0.051665 -14.717821
NN -14.717821 -14.717821 -14.717821 -14.717821 -14.717821 -14.717821 -14.717821 -14.717821 -14.717821 -14.717821 -14.717821 -14.717821 -14.717821 -14.717821 -14.717821 -14.717821 -14.717821
