 AA AC AG AU CA CC CG CU GA GC GG GU UA UC UG UU NN
AA -2.958263 -5.946627 -8.89658 -4.458154 -9.65826 -12.965036 -3.730845 -11.916612 -7.07653 -5.288587 -8.405048 -5.742646 -3.477969 -12.189586 -4.987304 -8.301031 -13.451691
AC -5.946627 -1.62628 -9.347804 -1.773153 -9.265219 -7.512731 -5.065157 -9.334779 -8.060397 -3.606306 -10.398505 -3.753267 -4.204483 -8.280987 -6.329343 -7.619968 -13.451691
AG -8.89658 -9.347804 -1.412694 -4.783207 -10.001703 -13.451691 -2.893723 -10.8336 -7.678553 -5.108599 -4.625131 -6.551711 -3.116869 -9.236279 -5.496176 -10.12761 -13.451691
AU -4.458154 -1.773153 -4.783207 4.223205 -5.128159 -3.793741 2.008657 -3.926199 -3.965769 2.976565 -4.934271 0.86811 1.848918 -3.961826 -0.258334 -2.587541 -13.451691
CA -9.65826 -9.265219 -10.001703 -5.128159 -5.229551 -9.306903 -2.841502 -7.893954 -7.549047 -4.619568 -10.006201 -6.003811 -2.689289 -7.091493 -5.505913 -8.478808 -13.451691
CC -12.965036 -7.512731 -13.451691 -3.793741 -9.306903 -3.564773 -4.060187 -5.086074 -10.88333 -2.934704 -11.350488 -5.897795 -4.794807 -6.829989 -6.550233 -4.764322 -13.451691
CG -3.730845 -5.065157 -2.893723 2.008657 -2.841502 -4.060187 5.256245 -4.580477 -4.631604 2.62066 -4.428061 0.164582 2.989848 -4.539963 1.436077 -2.900381 -13.451691
CU -11.916612 -9.334779 -10.8336 -3.926199 -7.893954 -5.086074 -4.580477 -2.850627 -7.842423 -3.533018 -11.629108 -4.469441 -4.183099 -4.629932 -6.141786 -5.306565 -13.451691
GA -7.07653 -8.060397 -7.678553 -3.965769 -7.549047 -10.88333 -4.631604 -7.842423 -1.434414 -3.105066 -8.057027 -5.281658 -4.383301 -7.251966 -6.73047 -10.467677 -13.451691
GC -5.288587 -3.606306 -5.108599 2.976565 -4.619568 -2.934704 2.62066 -3.533018 -3.105066 5.540767 -3.724905 1.562463 2.02425 -4.192766 0.322302 -2.724173 -13.451691
GG -8.405048 -10.398505 -4.625131 -4.934271 -10.006201 -11.350488 -4.428061 -11.629108 -8.057027 -3.724905 -2.229457 -4.989684 -5.209182 -10.854629 -4.273768 -8.261241 -13.451691
GU -5.742646 -3.753267 -6.551711 0.86811 -6.003811 -5.897795 0.164582 -4.469441 -5.281658 1.562463 -4.989684 3.232201 -0.119762 -4.797198 -1.638291 -3.336164 -13.451691
UA -3.477969 -4.204483 -3.116869 1.848918 -2.689289 -4.794807 2.989848 -4.183099 -4.383301 2.02425 -5.209182 -0.119762 4.666514 -3.304658 1.256106 -2.32715 -13.451691
UC -12.189586 -8.280987 -9.236279 -3.961826 -7.091493 -6.829989 -4.539963 -4.629932 -7.251966 -4.192766 -10.854629 -4.797198 -3.304658 -4.366312 -4.203081 -6.383312 -13.451691
UG -4.987304 -6.329343 -5.496176 -0.258334 -5.505913 -6.550233 1.436077 -6.141786 -6.73047 0.322302 -4.273768 -1.638291 1.256106 -4.203081 3.152892 -3.426234 -13.451691
UU -8.301031 -7.619968 -10.12761 -2.587541 -8.478808 -4.764322 -2.900381 -5.306565 -10.467677 -2.724173 -8.261241 -3.336164 -2.32715 -6.383312 -3.426234 -0.716037 -13.451691
NN -13.451691 -13.451691 -13.451691 -13.451691 -13.451691 -13.451691 -13.451691 -13.451691 -13.451691 -13.451691 -13.451691 -13.451691 -13.451691 -13.451691 -13.451691 -13.451691 -13.451691
