 AA AC AG AU CA CC CG CU GA GC GG GU UA UC UG UU NN
AA -1.253125 -8.347016 -8.177647 -5.068275 -10.333412 -13.752063 -5.568768 -11.87354 -5.758211 -4.735587 -10.347261 -6.475998 -4.776024 -13.119223 -6.216271 -8.22034 -14.74064
AC -8.347016 -1.317302 -9.013856 -2.193397 -10.130453 -8.7068 -5.718052 -11.19084 -10.509841 -3.790607 -12.677913 -6.024995 -6.241904 -8.817803 -7.562063 -7.855607 -14.74064
AG -8.177647 -9.013856 -0.574264 -6.053782 -11.085373 -14.74064 -4.789855 -8.843149 -9.37453 -6.518914 -5.217476 -7.009471 -6.722398 -8.113333 -5.504391 -10.658833 -14.74064
AU -5.068275 -2.193397 -6.053782 4.795871 -6.534578 -7.403656 1.126651 -5.897232 -7.087765 2.281607 -6.78372 0.348998 1.008934 -5.855429 -1.133332 -2.951793 -14.74064
CA -10.333412 -10.130453 -11.085373 -6.534578 -5.005943 -11.24943 -3.756481 -7.710264 -8.672947 -6.185746 -11.536982 -8.533553 -2.588722 -7.692851 -6.305839 -7.915273 -14.74064
CC -13.752063 -8.7068 -14.74064 -7.403656 -11.24943 -2.067926 -5.177087 -6.518363 -13.472152 -4.028186 -12.468911 -8.209928 -7.498655 -8.535405 -8.940924 -6.375848 -14.74064
CG -5.568768 -5.718052 -4.789855 1.126651 -3.756481 -5.177087 5.537445 -4.943429 -6.917017 1.522105 -4.443616 -0.952316 2.276037 -4.719632 1.052441 -3.964041 -14.74064
CU -11.87354 -11.19084 -8.843149 -5.897232 -7.710264 -6.518363 -4.943429 -1.395756 -6.399919 -6.649298 -13.018565 -6.791389 -4.637663 -4.353505 -7.923899 -4.655126 -14.74064
GA -5.758211 -10.509841 -9.37453 -7.087765 -8.672947 -13.472152 -6.917017 -6.399919 -0.829967 -5.606806 -9.83484 -6.646264 -5.821973 -6.243736 -7.646264 -11.609985 -14.74064
GC -4.735587 -3.790607 -6.518914 2.281607 -6.185746 -4.028186 1.522105 -6.649298 -5.606806 5.711774 -5.206258 0.9167 0.888662 -4.828831 -0.515715 -4.492582 -14.74064
GG -10.347261 -12.677913 -5.217476 -6.78372 -11.536982 -12.468911 -4.443616 -13.018565 -9.83484 -5.206258 -2.160374 -6.080512 -6.636908 -11.834471 -4.182172 -11.727597 -14.74064
GU -6.475998 -6.024995 -7.009471 0.348998 -8.533553 -8.209928 -0.952316 -6.791389 -6.646264 0.9167 -6.080512 3.628191 -1.318408 -5.231761 -2.327794 -5.05233 -14.74064
UA -4.776024 -6.241904 -6.722398 1.008934 -2.588722 -7.498655 2.276037 -4.637663 -5.821973 0.888662 -6.636908 -1.318408 5.134354 -3.098148 0.719605 -3.902782 -14.74064
UC -13.119223 -8.817803 -8.113333 -5.855429 -7.692851 -8.535405 -4.719632 -4.353505 -6.243736 -4.828831 -11.834471 -5.231761 -3.098148 -3.165243 -5.435014 -4.77302 -14.74064
UG -6.216271 -7.562063 -5.504391 -1.133332 -6.305839 -8.940924 1.052441 -7.923899 -7.646264 -0.515715 -4.182172 -2.327794 0.719605 -5.435014 3.545551 -4.481653 -14.74064
UU -8.22034 -7.855607 -10.658833 -2.951793 -7.915273 -6.375848 -3.964041 -4.655126 -11.609985 -4.492582 -11.727597 -5.05233 -3.902782 -4.77302 -4.481653 0.17636 -14.74064
NN -14.74064 -14.74064 -14.74064 -14.74064 -14.74064 -14.74064 -14.74064 -14.74064 -14.74064 -14.74064 -14.74064 -14.74064 -14.74064 -14.74064 -14.74064 -14.74064 -14.74064
