 AA AC AG AU CA CC CG CU GA GC GG GU UA UC UG UU NN
AA -0.579412 -7.596043 -8.119109 -5.690701 -10.66171 -999.0 -7.769469 -13.215367 -6.129061 -6.386999 -9.16645 -8.273509 -5.992117 -14.215367 -8.097302 -10.823308 -999.0
AC -7.596043 -0.312832 -9.037665 -4.376557 -11.447555 -8.527225 -8.133295 -12.221871 -15.576824 -4.429595 -12.73205 -7.20539 -8.326624 -8.611373 -9.757616 -10.424173 -999.0
AG -8.119109 -9.037665 -0.353425 -7.284447 -11.150559 -14.805721 -6.298894 -13.136128 -9.405741 -8.557418 -7.344461 -9.138692 -8.188869 -12.210128 -6.575137 -10.910718 -999.0
AU -5.690701 -4.376557 -7.284447 5.210538 -8.676208 -9.941763 -1.329618 -6.102245 -9.434743 0.551609 -7.462719 -0.878729 -1.36728 -7.674534 -3.416577 -4.166086 -999.0
CA -10.66171 -11.447555 -11.150559 -8.676208 -2.358868 -10.502422 -4.249853 -9.328786 -10.167433 -7.964418 -10.32766 -9.38124 -3.832473 -11.171245 -7.413661 -10.704281 -999.0
CC -999.0 -8.527225 -14.805721 -9.941763 -10.502422 -1.515528 -5.359052 -6.688267 -13.583328 -4.990223 -12.932932 -9.317718 -8.800407 -9.776996 -9.571475 -7.860609 -999.0
CG -7.769469 -8.133295 -6.298894 -1.329618 -4.249853 -5.359052 5.796895 -5.341917 -8.78609 -1.043692 -5.676878 -2.940232 0.437271 -7.717326 -0.010869 -5.996102 -999.0
CU -13.215367 -12.221871 -13.136128 -6.102245 -9.328786 -6.688267 -5.341917 -0.88627 -12.998624 -7.338224 -12.452817 -6.333663 -8.030509 -6.400683 -8.199736 -7.427083 -999.0
GA -6.129061 -15.576824 -9.405741 -9.434743 -10.167433 -13.583328 -8.78609 -12.998624 -0.518379 -6.3985 -9.590131 -6.811406 -7.249734 -16.458056 -10.864517 -14.2035 -999.0
GC -6.386999 -4.429595 -8.557418 0.551609 -7.964418 -4.990223 -1.043692 -7.338224 -6.3985 5.896346 -5.682823 -0.13588 -2.010585 -5.269803 -3.01775 -6.1177 -999.0
GG -9.16645 -12.73205 -7.344461 -7.462719 -10.32766 -12.932932 -5.676878 -12.452817 -9.590131 -5.682823 -1.938002 -6.308597 -8.606114 -11.793854 -5.925614 -11.598192 -999.0
GU -8.273509 -7.20539 -9.138692 -0.878729 -9.38124 -9.317718 -2.940232 -6.333663 -6.811406 -0.13588 -6.308597 3.910418 -3.591553 -7.202296 -4.146523 -5.817945 -999.0
UA -5.992117 -8.326624 -8.188869 -1.36728 -3.832473 -8.800407 0.437271 -8.030509 -7.249734 -2.010585 -8.606114 -3.591553 5.432713 -5.4286 -0.912761 -4.558028 -999.0
UC -14.215367 -8.611373 -12.210128 -7.674534 -11.171245 -9.776996 -7.717326 -6.400683 -16.458056 -5.269803 -11.793854 -7.202296 -5.4286 -1.392542 -6.315533 -5.359445 -999.0
UG -8.097302 -9.757616 -6.575137 -3.416577 -7.413661 -9.571475 -0.010869 -8.199736 -10.864517 -3.01775 -5.925614 -4.146523 -0.912761 -6.315533 3.903008 -5.983544 -999.0
UU -10.823308 -10.424173 -10.910718 -4.166086 -10.704281 -7.860609 -5.996102 -7.427083 -14.2035 -6.1177 -11.598192 -5.817945 -4.558028 -5.359445 -5.983544 0.552123 -999.0
NN -999.0 -999.0 -999.0 -999.0 -999.0 -999.0 -999.0 -999.0 -999.0 -999.0 -999.0 -999.0 -999.0 -999.0 -999.0 -999.0 -999.0
