 AA AC AG AU CA CC CG CU GA GC GG GU UA UC UG UU NN
AA -0.622356 -8.550978 -7.894856 -5.32059 -10.069214 -14.771413 -6.709379 -12.588316 -5.444342 -5.337879 -9.603435 -7.320269 -5.526589 -12.978262 -7.576425 -9.327427 -14.771413
AC -8.550978 -0.365474 -9.174851 -3.735992 -10.913432 -8.421044 -6.623384 -11.465975 -11.326854 -4.194104 -11.98315 -6.579271 -7.478691 -8.972805 -9.357092 -9.10592 -14.771413
AG -7.894856 -9.174851 -0.412915 -6.81807 -11.078278 -13.493213 -5.825803 -12.174715 -8.051273 -7.833402 -6.624321 -6.704895 -7.860104 -11.952322 -6.159237 -10.517079 -14.771413
AU -5.32059 -3.735992 -6.81807 5.121408 -8.003353 -8.547275 -0.401239 -5.693069 -8.66586 1.31671 -7.373627 -0.407677 -0.612785 -6.744782 -2.686076 -3.317791 -14.771413
CA -10.069214 -10.913432 -11.078278 -8.003353 -3.110748 -11.26904 -4.091777 -9.267782 -9.214226 -7.428997 -11.476797 -8.700063 -2.946692 -11.547275 -6.432799 -9.570883 -14.771413
CC -14.771413 -8.421044 -13.493213 -8.547275 -11.26904 -1.587058 -5.122729 -7.03034 -14.109884 -4.639421 -12.507249 -8.716286 -8.461042 -9.687452 -9.018518 -5.432641 -14.771413
CG -6.709379 -6.623384 -5.825803 -0.401239 -4.091777 -5.122729 5.730656 -4.985655 -8.173454 -0.052526 -5.322988 -1.792026 1.274524 -6.680178 0.685788 -4.824364 -14.771413
CU -12.588316 -11.465975 -12.174715 -5.693069 -9.267782 -7.03034 -4.985655 -0.935372 -13.174715 -7.111628 -12.17722 -6.269024 -6.667383 -5.73969 -8.068146 -6.245816 -14.771413
GA -5.444342 -11.326854 -8.051273 -8.66586 -9.214226 -14.109884 -8.173454 -13.174715 -0.663635 -6.181956 -9.879703 -6.062914 -7.238295 -13.496643 -9.762578 -13.561474 -14.771413
GC -5.337879 -4.194104 -7.833402 1.31671 -7.428997 -4.639421 -0.052526 -7.111628 -6.181956 5.836626 -5.371096 0.422116 -0.902105 -4.645247 -2.084668 -5.463657 -14.771413
GG -9.603435 -11.98315 -6.624321 -7.373627 -11.476797 -12.507249 -5.322988 -12.17722 -9.879703 -5.371096 -2.124488 -5.984383 -7.848308 -11.712258 -5.206965 -12.125012 -14.771413
GU -7.320269 -6.579271 -6.704895 -0.407677 -8.700063 -8.716286 -1.792026 -6.269024 -6.062914 0.422116 -5.984383 3.822662 -2.88302 -5.002915 -2.988953 -5.46453 -14.771413
UA -5.526589 -7.478691 -7.860104 -0.612785 -2.946692 -8.461042 1.274524 -6.667383 -7.238295 -0.902105 -7.848308 -2.88302 5.341137 -5.183169 -0.279616 -4.320915 -14.771413
UC -12.978262 -8.972805 -11.952322 -6.744782 -11.547275 -9.687452 -6.680178 -5.73969 -13.496643 -4.645247 -11.712258 -5.002915 -5.183169 -1.962639 -6.118934 -4.976115 -14.771413
UG -7.576425 -9.357092 -6.159237 -2.686076 -6.432799 -9.018518 0.685788 -8.068146 -9.762578 -2.084668 -5.206965 -2.988953 -0.279616 -6.118934 3.798469 -5.556356 -14.771413
UU -9.327427 -9.10592 -10.517079 -3.317791 -9.570883 -5.432641 -4.824364 -6.245816 -13.561474 -5.463657 -12.125012 -5.46453 -4.320915 -4.976115 -5.556356 0.448861 -14.771413
NN -14.771413 -14.771413 -14.771413 -14.771413 -14.771413 -14.771413 -14.771413 -14.771413 -14.771413 -14.771413 -14.771413 -14.771413 -14.771413 -14.771413 -14.771413 -14.771413 -14.771413
