 AA AC AG AU CA CC CG CU GA GC GG GU UA UC UG UU NN
AA -0.674921 -7.663487 -7.944474 -7.103436 -999.0 -999.0 -11.432778 -12.234601 -6.950706 -8.494178 -9.817972 -10.958884 -7.468569 -999.0 -10.135762 -999.0 -999.0
AC -7.663487 -0.265839 -9.354775 -4.899211 -14.17798 -9.334372 -11.817988 -999.0 -999.0 -4.92317 -11.827673 -8.704684 -10.77517 -8.33441 -11.289647 -11.769542 -999.0
AG -7.944474 -9.354775 -0.310498 -7.764506 -11.795348 -999.0 -6.724385 -999.0 -9.144782 -10.368241 -9.524475 -12.076939 -9.301772 -11.652217 -8.345135 -12.93123 -999.0
AU -7.103436 -4.899211 -7.764506 5.295141 -9.77517 -11.712921 -2.957237 -6.824684 -13.074361 -1.09202 -8.408561 -1.785298 -3.204423 -8.18458 -4.75797 -5.426992 -999.0
CA -999.0 -14.17798 -11.795348 -9.77517 -1.79104 -10.071338 -4.812364 -12.034849 -12.602703 -10.943519 -10.183817 -12.874609 -4.885873 -9.712921 -9.10202 -11.506508 -999.0
CC -999.0 -9.334372 -999.0 -11.712921 -10.071338 -1.306801 -6.272461 -6.857817 -12.817988 -6.214514 -14.627921 -10.800388 -8.864924 -9.928207 -11.089895 -999.0 -999.0
CG -11.432778 -11.817988 -6.724385 -2.957237 -4.812364 -6.272461 5.849486 -5.997725 -9.74021 -2.692019 -6.626379 -4.322598 -1.050844 -9.452465 -1.00067 -8.250352 -999.0
CU -12.234601 -999.0 -999.0 -6.824684 -12.034849 -6.857817 -5.997725 -0.704366 -11.874609 -8.069995 -13.684542 -7.176889 -8.882017 -9.033737 -8.857009 -7.860877 -999.0
GA -6.950706 -999.0 -9.144782 -13.074361 -12.602703 -12.817988 -9.74021 -11.874609 -0.440468 -6.920782 -9.728833 -7.433083 -8.958884 -999.0 -11.183854 -999.0 -999.0
GC -8.494178 -4.92317 -10.368241 -1.09202 -10.943519 -6.214514 -2.692019 -8.069995 -6.920782 5.953703 -6.0811 -1.257491 -3.634613 -5.689964 -4.389921 -7.976591 -999.0
GG -9.817972 -11.827673 -9.524475 -8.408561 -10.183817 -14.627921 -6.626379 -13.684542 -9.728833 -6.0811 -1.746047 -7.617411 -14.884294 -999.0 -8.190401 -14.741163 -999.0
GU -10.958884 -8.704684 -12.076939 -1.785298 -12.874609 -10.800388 -4.322598 -7.176889 -7.433083 -1.257491 -7.617411 3.977805 -5.256449 -10.616001 -5.956528 -7.078441 -999.0
UA -7.468569 -10.77517 -9.301772 -3.204423 -4.885873 -8.864924 -1.050844 -8.882017 -8.958884 -3.634613 -14.884294 -5.256449 5.518458 -6.208827 -1.923035 -5.409999 -999.0
UC -999.0 -8.33441 -11.652217 -8.18458 -9.712921 -9.928207 -9.452465 -9.033737 -999.0 -5.689964 -999.0 -10.616001 -6.208827 -1.211359 -7.509086 -5.480734 -999.0
UG -10.135762 -11.289647 -8.345135 -4.75797 -9.10202 -11.089895 -1.00067 -8.857009 -11.183854 -4.389921 -8.190401 -5.956528 -1.923035 -7.509086 4.000784 -7.296246 -999.0
UU -999.0 -11.769542 -12.93123 -5.426992 -11.506508 -999.0 -8.250352 -7.860877 -999.0 -7.976591 -14.741163 -7.078441 -5.409999 -5.480734 -7.296246 0.596694 -999.0
NN -999.0 -999.0 -999.0 -999.0 -999.0 -999.0 -999.0 -999.0 -999.0 -999.0 -999.0 -999.0 -999.0 -999.0 -999.0 -999.0 -999.0
