 AA AC AG AU CA CC CG CU GA GC GG GU UA UC UG UU NN
AA -1.50505 -8.558939 -8.390054 -4.625876 -9.982324 -12.466292 -5.103064 -12.040698 -6.280745 -4.734424 -9.624285 -6.283397 -4.451504 -12.110286 -6.005522 -8.80206 -14.857612
AC -8.558939 -1.477857 -8.815592 -2.362348 -9.75726 -8.820186 -5.745974 -10.902932 -9.907734 -3.653115 -12.379474 -5.669855 -5.820409 -8.49012 -7.404115 -7.470815 -14.857612
AG -8.390054 -8.815592 -0.644507 -5.41299 -10.411421 -14.857612 -4.446254 -8.749711 -9.56865 -6.082313 -4.984128 -7.041123 -6.414886 -8.166714 -5.467463 -10.672399 -14.857612
AU -4.625876 -2.362348 -5.41299 4.742317 -6.439911 -6.984418 1.205387 -5.577819 -6.507205 2.33456 -6.265086 0.439236 1.144412 -5.545165 -1.145148 -2.917014 -14.857612
CA -9.982324 -9.75726 -10.411421 -6.439911 -4.769161 -11.028546 -3.483926 -7.381248 -8.603897 -6.328087 -11.792584 -8.61577 -2.541635 -7.090731 -6.190485 -7.8694 -14.857612
CC -12.466292 -8.820186 -14.857612 -6.984418 -11.028546 -2.306589 -5.172896 -6.324811 -13.108864 -3.778614 -13.124887 -7.75465 -7.225813 -7.701037 -8.678488 -6.088141 -14.857612
CG -5.103064 -5.745974 -4.446254 1.205387 -3.483926 -5.172896 5.537689 -4.844839 -6.56492 1.538291 -4.490547 -0.870381 2.370427 -4.887105 1.109549 -3.944186 -14.857612
CU -12.040698 -10.902932 -8.749711 -5.577819 -7.381248 -6.324811 -4.844839 -1.429696 -7.060813 -6.438044 -13.508099 -6.730553 -4.717289 -4.190786 -7.755345 -4.560832 -14.857612
GA -6.280745 -9.907734 -9.56865 -6.507205 -8.603897 -13.108864 -6.56492 -7.060813 -0.880873 -5.437828 -9.07082 -6.616445 -5.776878 -6.664714 -7.495611 -11.151257 -14.857612
GC -4.734424 -3.653115 -6.082313 2.33456 -6.328087 -3.778614 1.538291 -6.438044 -5.437828 5.734362 -5.065361 0.951801 0.992074 -4.736961 -0.584336 -4.582165 -14.857612
GG -9.624285 -12.379474 -4.984128 -6.265086 -11.792584 -13.124887 -4.490547 -13.508099 -9.07082 -5.065361 -1.993475 -6.309706 -6.276545 -11.178005 -4.017645 -11.066161 -14.857612
GU -6.283397 -5.669855 -7.041123 0.439236 -8.61577 -7.75465 -0.870381 -6.730553 -6.616445 0.951801 -6.309706 3.597937 -1.152574 -5.635914 -2.331869 -4.853828 -14.857612
UA -4.451504 -5.820409 -6.414886 1.144412 -2.541635 -7.225813 2.370427 -4.717289 -5.776878 0.992074 -6.276545 -1.152574 5.111771 -3.104847 0.776142 -3.869853 -14.857612
UC -12.110286 -8.49012 -8.166714 -5.545165 -7.090731 -7.701037 -4.887105 -4.190786 -6.664714 -4.736961 -11.178005 -5.635914 -3.104847 -3.1899 -5.244965 -4.997052 -14.857612
UG -6.005522 -7.404115 -5.467463 -1.145148 -6.190485 -8.678488 1.109549 -7.755345 -7.495611 -0.584336 -4.017645 -2.331869 0.776142 -5.244965 3.528128 -4.553141 -14.857612
UU -8.80206 -7.470815 -10.672399 -2.917014 -7.8694 -6.088141 -3.944186 -4.560832 -11.151257 -4.582165 -11.066161 -4.853828 -3.869853 -4.997052 -4.553141 0.147034 -14.857612
NN -14.857612 -14.857612 -14.857612 -14.857612 -14.857612 -14.857612 -14.857612 -14.857612 -14.857612 -14.857612 -14.857612 -14.857612 -14.857612 -14.857612 -14.857612 -14.857612 -14.857612
