 AA AC AG AU CA CC CG CU GA GC GG GU UA UC UG UU NN
AA -2.015259 -4.924178 -10.150016 -4.692715 -9.220862 -13.386838 -3.830646 -10.760149 -8.398618 -5.022776 -11.603325 -6.366579 -3.073408 -12.175728 -4.908033 -9.592596 -13.386838
AC -4.924178 -0.84347 -7.830565 -2.196253 -8.302154 -5.582593 -4.348862 -9.397302 -7.810121 -3.523432 -10.765518 -3.542473 -3.871076 -9.015939 -6.10151 -7.710572 -13.386838
AG -10.150016 -7.830565 -1.259971 -3.794363 -9.293977 -12.32992 -3.126899 -9.753914 -6.517246 -4.242876 -3.848405 -5.324612 -3.68651 -10.093001 -5.317962 -10.664192 -13.386838
AU -4.692715 -2.196253 -3.794363 4.356643 -4.62669 -4.535155 1.658321 -4.083812 -3.69012 2.907447 -4.591457 0.864938 1.490416 -4.317297 -0.384836 -2.555347 -13.386838
CA -9.220862 -8.302154 -9.293977 -4.62669 -4.177203 -8.952209 -2.490285 -7.904605 -8.994253 -4.580538 -10.062921 -7.173893 -2.59853 -7.628883 -5.297211 -7.598638 -13.386838
CC -13.386838 -5.582593 -12.32992 -4.535155 -8.952209 -1.647011 -3.794271 -3.769143 -9.505692 -2.392117 -11.230999 -6.249688 -5.497477 -6.71577 -6.558178 -4.217127 -13.386838
CG -3.830646 -4.348862 -3.126899 1.658321 -2.490285 -3.794271 5.544184 -4.373045 -4.885817 2.191054 -4.088379 -0.053644 2.897273 -4.149214 1.477575 -2.315571 -13.386838
CU -10.760149 -9.397302 -9.753914 -4.083812 -7.904605 -3.769143 -4.373045 -1.584871 -8.861465 -5.184994 -12.551304 -4.087825 -4.132203 -4.610951 -5.296026 -5.345952 -13.386838
GA -8.398618 -7.810121 -6.517246 -3.69012 -8.994253 -9.505692 -4.885817 -8.861465 -0.855416 -2.724008 -9.553377 -4.724052 -3.899541 -8.470884 -7.271576 -9.205728 -13.386838
GC -5.022776 -3.523432 -4.242876 2.907447 -4.580538 -2.392117 2.191054 -5.184994 -2.724008 5.802293 -3.59294 1.723027 1.699448 -4.384724 0.034409 -2.496241 -13.386838
GG -11.603325 -10.765518 -3.848405 -4.591457 -10.062921 -11.230999 -4.088379 -12.551304 -9.553377 -3.59294 -3.033458 -4.196083 -4.968196 -10.95065 -3.842696 -11.103039 -13.386838
GU -6.366579 -3.542473 -5.324612 0.864938 -7.173893 -6.249688 -0.053644 -4.087825 -4.724052 1.723027 -4.196083 3.226579 -0.48915 -4.036986 -2.12609 -2.935983 -13.386838
UA -3.073408 -3.871076 -3.68651 1.490416 -2.59853 -5.497477 2.897273 -4.132203 -3.899541 1.699448 -4.968196 -0.48915 4.56067 -3.159769 1.282234 -2.850039 -13.386838
UC -12.175728 -9.015939 -10.093001 -4.317297 -7.628883 -6.71577 -4.149214 -4.610951 -8.470884 -4.384724 -10.95065 -4.036986 -3.159769 -4.858971 -4.43609 -6.07231 -13.386838
UG -4.908033 -6.10151 -5.317962 -0.384836 -5.297211 -6.558178 1.477575 -5.296026 -7.271576 0.034409 -3.842696 -2.12609 1.282234 -4.43609 3.231088 -3.818604 -13.386838
UU -9.592596 -7.710572 -10.664192 -2.555347 -7.598638 -4.217127 -2.315571 -5.345952 -9.205728 -2.496241 -11.103039 -2.935983 -2.850039 -6.07231 -3.818604 -1.111996 -13.386838
NN -13.386838 -13.386838 -13.386838 -13.386838 -13.386838 -13.386838 -13.386838 -13.386838 -13.386838 -13.386838 -13.386838 -13.386838 -13.386838 -13.386838 -13.386838 -13.386838 -13.386838
