 AA AC AG AU CA CC CG CU GA GC GG GU UA UC UG UU NN
AA -2.193317 -8.095669 -8.478009 -4.889544 -9.700531 -13.601403 -4.061057 -12.156581 -6.374264 -5.008387 -9.630849 -6.333622 -3.176031 -12.089524 -4.273707 -8.80639 -14.903068
AC -8.095669 -1.763512 -9.50687 -1.874192 -10.281193 -9.222511 -5.669351 -10.816819 -8.12271 -3.241399 -11.163725 -4.722123 -5.725844 -8.720613 -7.244299 -8.219982 -14.903068
AG -8.478009 -9.50687 -0.952771 -5.870764 -10.710681 -14.903068 -3.288864 -9.206546 -9.09829 -6.327376 -4.655379 -6.92423 -3.47634 -8.37502 -5.816254 -10.158046 -14.903068
AU -4.889544 -1.874192 -5.870764 4.450834 -5.970574 -3.368097 1.799938 -4.584244 -4.392592 2.727467 -5.582789 0.621842 1.685583 -5.012086 -0.532699 -2.783901 -14.903068
CA -9.700531 -10.281193 -10.710681 -5.970574 -5.853785 -11.44862 -3.39097 -7.907356 -8.310187 -5.629682 -11.189938 -6.853568 -2.82176 -7.682956 -6.210579 -8.516495 -14.903068
CC -13.601403 -9.222511 -14.903068 -3.368097 -11.44862 -3.108124 -4.962865 -6.480419 -13.249673 -3.950207 -12.196731 -7.38704 -6.680606 -8.629176 -8.465104 -6.290027 -14.903068
CG -4.061057 -5.669351 -3.288864 1.799938 -3.39097 -4.962865 5.322146 -4.66942 -6.167063 2.403396 -4.681087 -0.087424 2.746377 -4.526686 1.177201 -3.233073 -14.903068
CU -12.156581 -10.816819 -9.206546 -4.584244 -7.907356 -6.480419 -4.66942 -2.176401 -6.856846 -3.107289 -10.095065 -5.054322 -4.458995 -4.283127 -7.002905 -5.04034 -14.903068
GA -6.374264 -8.12271 -9.09829 -4.392592 -8.310187 -13.249673 -6.167063 -6.856846 -1.24724 -3.250138 -9.82469 -6.154207 -5.233521 -6.659479 -7.621581 -10.858453 -14.903068
GC -5.008387 -3.241399 -6.327376 2.727467 -5.629682 -3.950207 2.403396 -3.107289 -3.250138 5.559983 -4.730408 1.274194 1.647184 -4.566192 0.099293 -3.562099 -14.903068
GG -9.630849 -11.163725 -4.655379 -5.582789 -11.189938 -12.196731 -4.681087 -10.095065 -9.82469 -4.730408 -2.209936 -5.469494 -6.251903 -10.991692 -4.365168 -6.375115 -14.903068
GU -6.333622 -4.722123 -6.92423 0.621842 -6.853568 -7.38704 -0.087424 -5.054322 -6.154207 1.274194 -5.469494 3.433743 -0.32462 -4.850844 -1.646932 -3.15865 -14.903068
UA -3.176031 -5.725844 -3.47634 1.685583 -2.82176 -6.680606 2.746377 -4.458995 -5.233521 1.647184 -6.251903 -0.32462 4.892127 -3.288853 1.021549 -2.273597 -14.903068
UC -12.089524 -8.720613 -8.37502 -5.012086 -7.682956 -8.629176 -4.526686 -4.283127 -6.659479 -4.566192 -10.991692 -4.850844 -3.288853 -3.744403 -4.355738 -5.509366 -14.903068
UG -4.273707 -7.244299 -5.816254 -0.532699 -6.210579 -8.465104 1.177201 -7.002905 -7.621581 0.099293 -4.365168 -1.646932 1.021549 -4.355738 3.322762 -3.854863 -14.903068
UU -8.80639 -8.219982 -10.158046 -2.783901 -8.516495 -6.290027 -3.233073 -5.04034 -10.858453 -3.562099 -6.375115 -3.15865 -2.273597 -5.509366 -3.854863 -0.29603 -14.903068
NN -14.903068 -14.903068 -14.903068 -14.903068 -14.903068 -14.903068 -14.903068 -14.903068 -14.903068 -14.903068 -14.903068 -14.903068 -14.903068 -14.903068 -14.903068 -14.903068 -14.903068
