 AA AC AG AU CA CC CG CU GA GC GG GU UA UC UG UU NN
AA -2.539432 -7.590322 -8.073846 -4.469009 -10.110594 -15.350293 -4.605988 -12.214108 -6.198828 -5.350877 -8.070475 -5.722538 -4.17293 -12.56039 -7.087744 -7.374248 -15.350293
AC -7.590322 -1.824698 -9.834644 -1.827782 -8.695714 -9.889655 -6.22914 -9.718467 -10.924192 -3.961356 -11.2733 -5.190459 -5.153736 -7.977698 -7.06764 -7.297175 -15.350293
AG -8.073846 -9.834644 -0.932609 -5.639223 -9.868979 -14.616858 -4.250419 -10.434834 -8.865969 -6.064918 -4.990023 -6.735776 -4.973881 -8.609444 -5.79424 -11.128745 -15.350293
AU -4.469009 -1.827782 -5.639223 4.47922 -5.209219 -6.76394 1.656431 -5.104869 -5.230235 2.720412 -5.648157 0.703867 1.545417 -4.571378 -0.45766 -2.707641 -15.350293
CA -10.110594 -8.695714 -9.868979 -5.209219 -4.858985 -13.824309 -3.438715 -8.720286 -7.234536 -6.212093 -12.060227 -7.727793 -2.383247 -6.954462 -5.516708 -8.462881 -15.350293
CC -15.350293 -9.889655 -14.616858 -6.76394 -13.824309 -3.109679 -6.028958 -5.868635 -11.634522 -3.304979 -12.28584 -8.330991 -7.275222 -6.467858 -8.721698 -4.643464 -15.350293
CG -4.605988 -6.22914 -4.250419 1.656431 -3.438715 -6.028958 5.373913 -4.721639 -5.559626 2.066343 -4.635651 -0.267582 2.728001 -4.86137 1.338728 -3.686681 -15.350293
CU -12.214108 -9.718467 -10.434834 -5.104869 -8.720286 -5.868635 -4.721639 -2.266349 -7.058957 -6.426334 -12.859818 -5.636526 -4.495862 -3.968336 -6.867033 -4.739407 -15.350293
GA -6.198828 -10.924192 -8.865969 -5.230235 -7.234536 -11.634522 -5.559626 -7.058957 -1.024431 -5.277549 -7.39896 -5.685353 -5.542046 -6.381743 -6.841952 -11.707113 -15.350293
GC -5.350877 -3.961356 -6.064918 2.720412 -6.212093 -3.304979 2.066343 -6.426334 -5.277549 5.620506 -4.143658 1.249048 1.608067 -4.582172 -0.002684 -3.601243 -15.350293
GG -8.070475 -11.2733 -4.990023 -5.648157 -12.060227 -12.28584 -4.635651 -12.859818 -7.39896 -4.143658 -2.099462 -5.344964 -5.669779 -11.799445 -4.313019 -11.386242 -15.350293
GU -5.722538 -5.190459 -6.735776 0.703867 -7.727793 -8.330991 -0.267582 -5.636526 -5.685353 1.249048 -5.344964 3.438393 -0.507126 -5.794829 -2.058801 -4.454194 -15.350293
UA -4.17293 -5.153736 -4.973881 1.545417 -2.383247 -7.275222 2.728001 -4.495862 -5.542046 1.608067 -5.669779 -0.507126 4.947173 -3.153331 1.206587 -3.150603 -15.350293
UC -12.56039 -7.977698 -8.609444 -4.571378 -6.954462 -6.467858 -4.86137 -3.968336 -6.381743 -4.582172 -11.799445 -5.794829 -3.153331 -3.515066 -5.140607 -5.786982 -15.350293
UG -7.087744 -7.06764 -5.79424 -0.45766 -5.516708 -8.721698 1.338728 -6.867033 -6.841952 -0.002684 -4.313019 -2.058801 1.206587 -5.140607 3.33804 -4.331371 -15.350293
UU -7.374248 -7.297175 -11.128745 -2.707641 -8.462881 -4.643464 -3.686681 -4.739407 -11.707113 -3.601243 -11.386242 -4.454194 -3.150603 -5.786982 -4.331371 -0.015489 -15.350293
NN -15.350293 -15.350293 -15.350293 -15.350293 -15.350293 -15.350293 -15.350293 -15.350293 -15.350293 -15.350293 -15.350293 -15.350293 -15.350293 -15.350293 -15.350293 -15.350293 -15.350293
