 AA AC AG AU CA CC CG CU GA GC GG GU UA UC UG UU NN
AA -2.816417 -8.527947 -9.158909 -4.971985 -9.958796 -13.47557 -3.827892 -11.928879 -6.931116 -5.188805 -9.653482 -6.456728 -2.48737 -11.822683 -3.650281 -8.874524 -14.743205
AC -8.527947 -2.055433 -9.329876 -1.621266 -10.350967 -8.804805 -5.374923 -10.606823 -7.662663 -2.717294 -10.136141 -4.683261 -5.419415 -8.898307 -7.1221 -8.296808 -14.743205
AG -9.158909 -9.329876 -1.323259 -5.880519 -10.340947 -14.743205 -2.566467 -9.49507 -9.627738 -6.116045 -4.360193 -7.073855 -2.844962 -7.958584 -5.775055 -9.556415 -14.743205
AU -4.971985 -1.621266 -5.880519 4.231861 -5.621895 -2.488695 2.047525 -4.125226 -3.850375 2.883654 -4.808427 0.740331 1.898467 -4.309864 -0.381716 -2.398981 -14.743205
CA -9.958796 -10.350967 -10.340947 -5.621895 -6.175452 -11.357674 -3.140103 -8.327885 -8.003544 -5.350287 -11.457192 -6.098413 -2.898025 -7.81897 -6.116606 -8.858814 -14.743205
CC -13.47557 -8.804805 -14.743205 -2.488695 -11.357674 -3.690455 -5.034558 -6.948301 -12.709478 -3.707473 -11.726497 -6.997739 -6.321579 -8.557191 -8.239784 -6.500483 -14.743205
CG -3.827892 -5.374923 -2.566467 2.047525 -3.140103 -5.034558 5.212126 -4.332743 -5.852406 2.80737 -4.6748 0.246483 2.949298 -4.281054 1.218574 -3.038145 -14.743205
CU -11.928879 -10.606823 -9.49507 -4.125226 -8.327885 -6.948301 -4.332743 -2.667252 -7.592346 -2.203136 -9.339054 -4.455002 -4.3602 -4.568429 -6.456004 -5.38465 -14.743205
GA -6.931116 -7.662663 -9.627738 -3.850375 -8.003544 -12.709478 -5.852406 -7.592346 -1.642462 -2.613817 -9.626068 -6.232607 -4.74139 -7.130648 -7.6242 -9.794316 -14.743205
GC -5.188805 -2.717294 -6.116045 2.883654 -5.350287 -3.707473 2.80737 -2.203136 -2.613817 5.495849 -4.656119 1.420812 1.923603 -4.089485 0.309179 -2.962239 -14.743205
GG -9.653482 -10.136141 -4.360193 -4.808427 -11.457192 -11.726497 -4.6748 -9.339054 -9.626068 -4.656119 -2.189977 -5.521249 -6.237722 -10.71927 -4.285239 -5.028022 -14.743205
GU -6.456728 -4.683261 -7.073855 0.740331 -6.098413 -6.997739 0.246483 -4.455002 -6.232607 1.420812 -5.521249 3.310737 0.083018 -4.570283 -1.338188 -2.617068 -14.743205
UA -2.48737 -5.419415 -2.844962 1.898467 -2.898025 -6.321579 2.949298 -4.3602 -4.74139 1.923603 -6.237722 0.083018 4.723309 -3.542802 1.04701 -1.583662 -14.743205
UC -11.822683 -8.898307 -7.958584 -4.309864 -7.81897 -8.557191 -4.281054 -4.568429 -7.130648 -4.089485 -10.71927 -4.570283 -3.542802 -3.979611 -4.259241 -6.010625 -14.743205
UG -3.650281 -7.1221 -5.775055 -0.381716 -6.116606 -8.239784 1.218574 -6.456004 -7.6242 0.309179 -4.285239 -1.338188 1.04701 -4.259241 3.186335 -3.70067 -14.743205
UU -8.874524 -8.296808 -9.556415 -2.398981 -8.858814 -6.500483 -3.038145 -5.38465 -9.794316 -2.962239 -5.028022 -2.617068 -1.583662 -6.010625 -3.70067 -0.721747 -14.743205
NN -14.743205 -14.743205 -14.743205 -14.743205 -14.743205 -14.743205 -14.743205 -14.743205 -14.743205 -14.743205 -14.743205 -14.743205 -14.743205 -14.743205 -14.743205 -14.743205 -14.743205
