 AA AC AG AU CA CC CG CU GA GC GG GU UA UC UG UU NN
AA -4.392614 -6.40375 -10.837532 -4.073914 -12.138727 -12.11025 -3.897379 -13.034889 -9.134527 -5.141673 -11.619256 -4.755791 -3.766155 -13.368774 -4.533263 -10.930109 -14.521777
AC -6.40375 -2.429819 -10.676446 -1.934016 -11.788547 -8.036289 -4.298211 -10.375693 -8.807834 -1.974062 -8.966251 -5.522982 -4.226545 -10.0411 -5.582751 -8.72226 -14.521777
AG -10.837532 -10.676446 -2.922728 -5.239779 -11.579794 -14.521777 -1.87104 -11.223884 -8.78763 -5.248467 -4.800965 -8.452971 -2.732127 -10.090535 -5.974994 -7.121994 -14.521777
AU -4.073914 -1.934016 -5.239779 3.624205 -5.366324 -1.998159 2.517931 -4.102277 -3.982858 3.433876 -4.760169 0.938755 2.087728 -4.337575 -0.039901 -3.070971 -14.521777
CA -12.138727 -11.788547 -11.579794 -5.366324 -7.009915 -8.566235 -3.025484 -8.723909 -9.142883 -3.986716 -10.840123 -5.708718 -3.102386 -8.459054 -6.871862 -10.511 -14.521777
CC -12.11025 -8.036289 -14.521777 -1.998159 -8.566235 -3.544293 -3.002596 -5.489038 -10.54688 -2.558147 -10.814424 -4.879815 -3.522901 -7.620769 -5.447622 -5.033122 -14.521777
CG -3.897379 -4.298211 -1.87104 2.517931 -3.025484 -3.002596 5.415896 -3.844794 -4.371548 3.278308 -3.905411 0.592205 3.495983 -3.855962 1.548876 -3.291749 -14.521777
CU -13.034889 -10.375693 -11.223884 -4.102277 -8.723909 -5.489038 -3.844794 -4.224125 -9.453443 -2.87599 -10.467442 -4.802212 -2.883364 -6.81771 -5.058012 -7.195283 -14.521777
GA -9.134527 -8.807834 -8.78763 -3.982858 -9.142883 -10.54688 -4.371548 -9.453443 -3.199739 -2.37393 -10.705251 -5.85307 -3.523638 -9.251104 -8.650576 -12.125474 -14.521777
GC -5.141673 -1.974062 -5.248467 3.433876 -3.986716 -2.558147 3.278308 -2.87599 -2.37393 5.776582 -3.346068 1.934786 2.737389 -3.539159 0.655538 -2.533957 -14.521777
GG -11.619256 -8.966251 -4.800965 -4.760169 -10.840123 -10.814424 -3.905411 -10.467442 -10.705251 -3.346068 -2.62664 -5.011765 -4.913384 -11.233936 -4.326917 -6.946987 -14.521777
GU -4.755791 -5.522982 -8.452971 0.938755 -5.708718 -4.879815 0.592205 -4.802212 -5.85307 1.934786 -5.011765 2.924283 0.40262 -4.991871 -1.171973 -4.300304 -14.521777
UA -3.766155 -4.226545 -2.732127 2.087728 -3.102386 -3.522901 3.495983 -2.883364 -3.523638 2.737389 -4.913384 0.40262 4.012136 -3.338087 1.103801 -1.910752 -14.521777
UC -13.368774 -10.0411 -10.090535 -4.337575 -8.459054 -7.620769 -3.855962 -6.81771 -9.251104 -3.539159 -11.233936 -4.991871 -3.338087 -6.221793 -3.353875 -7.75047 -14.521777
UG -4.533263 -5.582751 -5.974994 -0.039901 -6.871862 -5.447622 1.548876 -5.058012 -8.650576 0.655538 -4.326917 -1.171973 1.103801 -3.353875 2.62348 -2.441845 -14.521777
UU -10.930109 -8.72226 -7.121994 -3.070971 -10.511 -5.033122 -3.291749 -7.195283 -12.125474 -2.533957 -6.946987 -4.300304 -1.910752 -7.75047 -2.441845 -1.78172 -14.521777
NN -14.521777 -14.521777 -14.521777 -14.521777 -14.521777 -14.521777 -14.521777 -14.521777 -14.521777 -14.521777 -14.521777 -14.521777 -14.521777 -14.521777 -14.521777 -14.521777 -14.521777
