 AA AC AG AU CA CC CG CU GA GC GG GU UA UC UG UU NN
AA -3.457361 -5.941788 -10.829298 -4.631004 -10.41406 -12.609015 -3.552882 -11.716639 -9.442114 -5.110757 -12.235461 -5.816261 -3.239948 -12.43473 -3.797876 -10.56525 -12.648831
AC -5.941788 -1.530535 -9.005632 -1.632802 -9.655849 -6.490975 -4.527852 -9.268025 -6.23036 -2.824085 -9.089403 -3.756631 -3.582445 -9.675173 -5.778818 -8.284121 -12.648831
AG -10.829298 -9.005632 -2.384092 -4.155687 -10.178907 -12.648831 -1.691604 -10.361928 -7.270985 -4.024561 -4.196717 -5.748837 -2.484429 -10.08541 -5.758677 -8.589882 -12.648831
AU -4.631004 -1.632802 -4.155687 3.90335 -4.873767 -2.509296 2.321559 -3.376258 -3.622132 3.238727 -4.199847 0.934717 1.981842 -4.258454 -0.043665 -2.690323 -12.648831
CA -10.41406 -9.655849 -10.178907 -4.873767 -5.544276 -9.78489 -2.24332 -8.454881 -6.489954 -4.185158 -10.538189 -5.363167 -3.080656 -8.375413 -5.940679 -8.734127 -12.648831
CC -12.609015 -6.490975 -12.648831 -2.509296 -9.78489 -3.076413 -3.422098 -4.964536 -9.430793 -2.462363 -10.897234 -5.24225 -4.387573 -7.520085 -6.247701 -5.206563 -12.648831
CG -3.552882 -4.527852 -1.691604 2.321559 -2.24332 -3.422098 5.247502 -3.9125 -4.17992 3.081465 -3.979968 0.545303 3.259267 -4.101568 1.533398 -2.141221 -12.648831
CU -11.716639 -9.268025 -10.361928 -3.376258 -8.454881 -4.964536 -3.9125 -2.872372 -8.87026 -2.395055 -7.359734 -4.129332 -3.763451 -5.277191 -5.312322 -6.290752 -12.648831
GA -9.442114 -6.23036 -7.270985 -3.622132 -6.489954 -9.430793 -4.17992 -8.87026 -2.110386 -2.026777 -10.179593 -4.890997 -3.544016 -8.703761 -7.593628 -8.850072 -12.648831
GC -5.110757 -2.824085 -4.024561 3.238727 -4.185158 -2.462363 3.081465 -2.395055 -2.026777 5.578987 -3.584966 1.873498 2.457783 -3.672127 0.762912 -2.494694 -12.648831
GG -12.235461 -9.089403 -4.196717 -4.199847 -10.538189 -10.897234 -3.979968 -7.359734 -10.179593 -3.584966 -2.470708 -4.651065 -5.134071 -9.932369 -4.172951 -7.041102 -12.648831
GU -5.816261 -3.756631 -5.748837 0.934717 -5.363167 -5.24225 0.545303 -4.129332 -4.890997 1.873498 -4.651065 2.990302 0.258791 -4.677701 -1.161426 -3.083802 -12.648831
UA -3.239948 -3.582445 -2.484429 1.981842 -3.080656 -4.387573 3.259267 -3.763451 -3.544016 2.457783 -5.134071 0.258791 4.261316 -3.165087 1.226482 -1.723679 -12.648831
UC -12.43473 -9.675173 -10.08541 -4.258454 -8.375413 -7.520085 -4.101568 -5.277191 -8.703761 -3.672127 -9.932369 -4.677701 -3.165087 -5.241131 -3.734328 -7.245413 -12.648831
UG -3.797876 -5.778818 -5.758677 -0.043665 -5.940679 -6.247701 1.533398 -5.312322 -7.593628 0.762912 -4.172951 -1.161426 1.226482 -3.734328 2.870032 -2.896394 -12.648831
UU -10.56525 -8.284121 -8.589882 -2.690323 -8.734127 -5.206563 -2.141221 -6.290752 -8.850072 -2.494694 -7.041102 -3.083802 -1.723679 -7.245413 -2.896394 -1.817184 -12.648831
NN -12.648831 -12.648831 -12.648831 -12.648831 -12.648831 -12.648831 -12.648831 -12.648831 -12.648831 -12.648831 -12.648831 -12.648831 -12.648831 -12.648831 -12.648831 -12.648831 -12.648831
