 AA AC AG AU CA CC CG CU GA GC GG GU UA UC UG UU NN
AA -0.540614 -8.667434 -7.962251 -5.221485 -9.71057 -12.849279 -6.011264 -12.06713 -6.135393 -5.018093 -10.020335 -6.669681 -4.902564 -12.454015 -7.241488 -8.216835 -14.030714
AC -8.667434 -0.283052 -8.989161 -2.368697 -10.541129 -7.651961 -5.425898 -11.184414 -10.924659 -3.366923 -11.801959 -5.743762 -6.519418 -8.549094 -7.693907 -7.644086 -14.030714
AG -7.962251 -8.989161 -0.578039 -5.959113 -10.639313 -14.030714 -4.628556 -11.150412 -8.551863 -6.722643 -4.72911 -7.069682 -7.474251 -9.891715 -5.769309 -11.250019 -14.030714
AU -5.221485 -2.368697 -5.959113 4.952428 -7.109434 -7.757354 0.22475 -5.734217 -7.931323 1.646339 -7.145367 0.148613 -0.320243 -6.035106 -2.381652 -2.855968 -14.030714
CA -9.71057 -10.541129 -10.639313 -7.109434 -3.007489 -10.704845 -3.271393 -8.497832 -8.827634 -6.088101 -9.641131 -8.204363 -2.39697 -9.020727 -6.247709 -7.385747 -14.030714
CC -12.849279 -7.651961 -14.030714 -7.757354 -10.704845 -0.762542 -4.815325 -6.734439 -14.014431 -3.775277 -12.256058 -8.181371 -7.038026 -8.196059 -8.383894 -5.882606 -14.030714
CG -6.011264 -5.425898 -4.628556 0.22475 -3.271393 -4.815325 5.830033 -4.69424 -7.329059 1.011335 -4.639702 -1.360221 1.648885 -5.396255 0.867161 -4.096694 -14.030714
CU -12.06713 -11.184414 -11.150412 -5.734217 -8.497832 -6.734439 -4.69424 -0.784282 -9.29822 -6.761777 -11.839859 -6.499092 -5.571589 -5.428443 -7.688394 -5.852813 -14.030714
GA -6.135393 -10.924659 -8.551863 -7.931323 -8.827634 -14.014431 -7.329059 -9.29822 -0.509816 -5.721741 -9.41672 -6.158615 -6.446224 -8.817713 -8.307235 -13.463452 -14.030714
GC -5.018093 -3.366923 -6.722643 1.646339 -6.088101 -3.775277 1.011335 -6.761777 -5.721741 5.948278 -4.78869 0.802049 -0.072875 -4.313432 -1.264352 -4.284558 -14.030714
GG -10.020335 -11.801959 -4.72911 -7.145367 -9.641131 -12.256058 -4.639702 -11.839859 -9.41672 -4.78869 -2.2699 -5.715046 -6.84126 -11.782579 -4.249597 -11.886218 -14.030714
GU -6.669681 -5.743762 -7.069682 0.148613 -8.204363 -8.181371 -1.360221 -6.499092 -6.158615 0.802049 -5.715046 3.703017 -2.340539 -4.413497 -2.930641 -4.840546 -14.030714
UA -4.902564 -6.519418 -7.474251 -0.320243 -2.39697 -7.038026 1.648885 -5.571589 -6.446224 -0.072875 -6.84126 -2.340539 5.118889 -4.379417 0.032694 -4.220371 -14.030714
UC -12.454015 -8.549094 -9.891715 -6.035106 -9.020727 -8.196059 -5.396255 -5.428443 -8.817713 -4.313432 -11.782579 -4.413497 -4.379417 -2.370078 -6.30009 -4.266739 -14.030714
UG -7.241488 -7.693907 -5.769309 -2.381652 -6.247709 -8.383894 0.867161 -7.688394 -8.307235 -1.264352 -4.249597 -2.930641 0.032694 -6.30009 3.647107 -4.954619 -14.030714
UU -8.216835 -7.644086 -11.250019 -2.855968 -7.385747 -5.882606 -4.096694 -5.852813 -13.463452 -4.284558 -11.886218 -4.840546 -4.220371 -4.266739 -4.954619 0.163387 -14.030714
NN -14.030714 -14.030714 -14.030714 -14.030714 -14.030714 -14.030714 -14.030714 -14.030714 -14.030714 -14.030714 -14.030714 -14.030714 -14.030714 -14.030714 -14.030714 -14.030714 -14.030714
