 AA AC AG AU CA CC CG CU GA GC GG GU UA UC UG UU NN
AA -1.177812 -8.956503 -8.682964 -5.562406 -9.901618 -13.031099 -7.330102 -14.297325 -6.067185 -6.569221 -10.342496 -7.583619 -5.73984 -12.556685 -8.018795 -10.71613 -15.12656
AC -8.956503 -0.413384 -9.616423 -4.100383 -12.193283 -8.895078 -7.044067 -11.796016 -12.815884 -4.283392 -13.100365 -7.082605 -7.044543 -8.436632 -10.172788 -8.730091 -15.12656
AG -8.682964 -9.616423 -0.439951 -7.104843 -12.084671 -14.777698 -6.011456 -11.824725 -8.549749 -7.382358 -7.249543 -7.812777 -7.513757 -11.320445 -6.520881 -9.218365 -15.12656
AU -5.562406 -4.100383 -7.104843 5.145947 -7.753371 -8.29858 -0.767413 -5.637015 -8.620876 1.058024 -7.557994 -0.439569 -0.761305 -7.081558 -2.845998 -3.990903 -15.12656
CA -9.901618 -12.193283 -12.084671 -7.753371 -2.004629 -10.600084 -4.16248 -8.571539 -8.346877 -7.557489 -10.508943 -9.660202 -3.626587 -9.850046 -6.756387 -9.280777 -15.12656
CC -13.031099 -8.895078 -14.777698 -8.29858 -10.600084 -1.904514 -5.611305 -6.933367 -11.94572 -4.873023 -13.911476 -8.192139 -7.9586 -8.525011 -8.677363 -6.501658 -15.12656
CG -7.330102 -7.044067 -6.011456 -0.767413 -4.16248 -5.611305 5.779779 -5.409349 -8.226257 -0.42711 -5.765804 -2.111883 1.03733 -7.125386 0.485343 -5.61016 -15.12656
CU -14.297325 -11.796016 -11.824725 -5.637015 -8.571539 -6.933367 -5.409349 -0.711365 -14.837125 -7.073909 -13.060111 -6.347802 -7.169592 -5.683447 -8.258749 -6.734213 -15.12656
GA -6.067185 -12.815884 -8.549749 -8.620876 -8.346877 -11.94572 -8.226257 -14.837125 -0.664804 -6.247972 -9.239506 -6.580688 -6.967231 -11.746524 -9.246721 -15.12656 -15.12656
GC -6.569221 -4.283392 -7.382358 1.058024 -7.557489 -4.873023 -0.42711 -7.073909 -6.247972 5.909351 -5.477023 0.19585 -1.245032 -5.173008 -2.393343 -5.835355 -15.12656
GG -10.342496 -13.100365 -7.249543 -7.557994 -10.508943 -13.911476 -5.765804 -13.060111 -9.239506 -5.477023 -1.69517 -6.011952 -8.209674 -11.808944 -6.00415 -13.134431 -15.12656
GU -7.583619 -7.082605 -7.812777 -0.439569 -9.660202 -8.192139 -2.111883 -6.347802 -6.580688 0.19585 -6.011952 3.818165 -3.029134 -6.196286 -3.237379 -5.381889 -15.12656
UA -5.73984 -7.044543 -7.513757 -0.761305 -3.626587 -7.9586 1.03733 -7.169592 -6.967231 -1.245032 -8.209674 -3.029134 5.391036 -5.475872 -0.289324 -4.418579 -15.12656
UC -12.556685 -8.436632 -11.320445 -7.081558 -9.850046 -8.525011 -7.125386 -5.683447 -11.746524 -5.173008 -11.808944 -6.196286 -5.475872 -1.412519 -6.440692 -5.731906 -15.12656
UG -8.018795 -10.172788 -6.520881 -2.845998 -6.756387 -8.677363 0.485343 -8.258749 -9.246721 -2.393343 -6.00415 -3.237379 -0.289324 -6.440692 3.841803 -5.488799 -15.12656
UU -10.71613 -8.730091 -9.218365 -3.990903 -9.280777 -6.501658 -5.61016 -6.734213 -15.12656 -5.835355 -13.134431 -5.381889 -4.418579 -5.731906 -5.488799 0.391192 -15.12656
NN -15.12656 -15.12656 -15.12656 -15.12656 -15.12656 -15.12656 -15.12656 -15.12656 -15.12656 -15.12656 -15.12656 -15.12656 -15.12656 -15.12656 -15.12656 -15.12656 -15.12656
