 AA AC AG AU CA CC CG CU GA GC GG GU UA UC UG UU NN
AA -1.122622 -8.482101 -8.456973 -5.655468 -10.232575 -999.0 -7.87925 -13.365341 -7.500237 -7.703081 -11.073213 -8.70426 -6.031922 -11.892994 -8.875981 -12.446177 -999.0
AC -8.482101 -0.359293 -9.748469 -4.521469 -9.973788 -8.462128 -9.39636 -14.070125 -17.70918 -4.533887 -13.184596 -7.68209 -8.375963 -7.726164 -10.143671 -9.978417 -999.0
AG -8.456973 -9.748469 -0.406724 -7.041642 -12.630193 -16.878276 -6.315466 -15.22457 -10.219877 -8.008211 -7.87366 -9.611948 -8.056409 -11.955527 -7.336381 -11.143271 -999.0
AU -5.655468 -4.521469 -7.041642 5.210046 -8.875835 -9.809593 -1.870124 -5.831061 -9.175916 0.163153 -7.796089 -1.058337 -1.511826 -8.213346 -3.748842 -4.673357 -999.0
CA -10.232575 -9.973788 -12.630193 -8.875835 -1.670035 -10.410417 -4.347853 -9.399849 -9.59428 -8.890298 -9.434166 -10.249287 -4.074271 -13.255771 -7.579143 -10.519148 -999.0
CC -999.0 -8.462128 -16.878276 -9.809593 -10.410417 -1.395395 -5.892222 -8.104919 -11.739618 -5.18225 -13.856099 -9.289559 -8.958255 -8.151476 -10.023849 -9.491011 -999.0
CG -7.87925 -9.39636 -6.315466 -1.870124 -4.347853 -5.892222 5.853051 -5.908536 -8.484755 -1.511288 -5.865816 -3.542405 0.120267 -8.174401 -0.370603 -6.892109 -999.0
CU -13.365341 -14.070125 -15.22457 -5.831061 -9.399849 -8.104919 -5.908536 -0.724568 -14.988624 -7.077492 -14.485374 -6.547229 -8.383193 -5.995978 -8.494846 -7.3931 -999.0
GA -7.500237 -17.70918 -10.219877 -9.175916 -9.59428 -11.739618 -8.484755 -14.988624 -0.528171 -6.501283 -8.798829 -6.825822 -6.883633 -18.546498 -9.879095 -14.100903 -999.0
GC -7.703081 -4.533887 -8.008211 0.163153 -8.890298 -5.18225 -1.511288 -7.077492 -6.501283 5.982557 -5.634964 -0.518612 -2.151804 -5.551325 -3.437934 -6.633758 -999.0
GG -11.073213 -13.184596 -7.87366 -7.796089 -9.434166 -13.856099 -5.865816 -14.485374 -8.798829 -5.634964 -1.47959 -6.848522 -9.074518 -12.183772 -6.616257 -12.153474 -999.0
GU -8.70426 -7.68209 -9.611948 -1.058337 -10.249287 -9.289559 -3.542405 -6.547229 -6.825822 -0.518612 -6.848522 3.905031 -3.699278 -7.53871 -4.627415 -5.805152 -999.0
UA -6.031922 -8.375963 -8.056409 -1.511826 -4.074271 -8.958255 0.120267 -8.383193 -6.883633 -2.151804 -9.074518 -3.699278 5.46846 -5.898515 -0.929142 -5.004325 -999.0
UC -11.892994 -7.726164 -11.955527 -8.213346 -13.255771 -8.151476 -8.174401 -5.995978 -18.546498 -5.551325 -12.183772 -7.53871 -5.898515 -1.266303 -6.597319 -5.813501 -999.0
UG -8.875981 -10.143671 -7.336381 -3.748842 -7.579143 -10.023849 -0.370603 -8.494846 -9.879095 -3.437934 -6.616257 -4.627415 -0.929142 -6.597319 3.919039 -5.790344 -999.0
UU -12.446177 -9.978417 -11.143271 -4.673357 -10.519148 -9.491011 -6.892109 -7.3931 -14.100903 -6.633758 -12.153474 -5.805152 -5.004325 -5.813501 -5.790344 0.487781 -999.0
NN -999.0 -999.0 -999.0 -999.0 -999.0 -999.0 -999.0 -999.0 -999.0 -999.0 -999.0 -999.0 -999.0 -999.0 -999.0 -999.0 -999.0
