 AA AC AG AU CA CC CG CU GA GC GG GU UA UC UG UU NN
AA -2.83338 -8.540497 -9.169644 -4.957916 -9.970372 -13.481089 -3.824603 -11.938803 -6.944078 -5.185921 -9.662855 -6.415349 -2.489926 -11.832676 -3.646643 -8.887904 -14.749249
AC -8.540497 -2.062688 -9.338212 -1.623591 -10.360754 -8.795495 -5.347366 -10.613136 -7.669854 -2.701999 -10.140927 -4.681274 -5.409208 -8.905171 -7.122004 -8.297561 -14.749249
AG -9.169644 -9.338212 -1.33273 -5.886672 -10.348401 -14.749249 -2.562117 -9.497167 -9.633559 -6.116049 -4.364653 -7.082292 -2.845467 -7.962246 -5.781166 -9.532807 -14.749249
AU -4.957916 -1.623591 -5.886672 4.222259 -5.612482 -2.478751 2.05373 -4.124853 -3.85922 2.888464 -4.8046 0.740944 1.903339 -4.299176 -0.377684 -2.395783 -14.749249
CA -9.970372 -10.360754 -10.348401 -5.612482 -6.185058 -11.363073 -3.135769 -8.33782 -7.986382 -5.342693 -11.460251 -6.0934 -2.898383 -7.829112 -6.100119 -8.872221 -14.749249
CC -13.481089 -8.795495 -14.749249 -2.478751 -11.363073 -3.693052 -5.021822 -6.954764 -12.696171 -3.702805 -11.709851 -6.988903 -6.310407 -8.563738 -8.232052 -6.510908 -14.749249
CG -3.824603 -5.347366 -2.562117 2.05373 -3.135769 -5.021822 5.214519 -4.329601 -5.853151 2.817023 -4.66097 0.25569 2.954995 -4.27413 1.222108 -3.040534 -14.749249
CU -11.938803 -10.613136 -9.497167 -4.124853 -8.33782 -6.954764 -4.329601 -2.677732 -7.601631 -2.197174 -9.314386 -4.452938 -4.317954 -4.578597 -6.404031 -5.397941 -14.749249
GA -6.944078 -7.669854 -9.633559 -3.85922 -7.986382 -12.696171 -5.853151 -7.601631 -1.651945 -2.605959 -9.515402 -6.237965 -4.74088 -7.14017 -7.631185 -9.787695 -14.749249
GC -5.185921 -2.701999 -6.116049 2.888464 -5.342693 -3.702805 2.817023 -2.197174 -2.605959 5.499282 -4.643474 1.425256 1.935458 -4.064578 0.314468 -2.943384 -14.749249
GG -9.662855 -10.140927 -4.364653 -4.8046 -11.460251 -11.709851 -4.66097 -9.314386 -9.515402 -4.643474 -2.191108 -5.524836 -6.22219 -10.719635 -4.283873 -5.027269 -14.749249
GU -6.415349 -4.681274 -7.082292 0.740944 -6.0934 -6.988903 0.25569 -4.452938 -6.237965 1.425256 -5.524836 3.306878 0.08987 -4.569487 -1.328991 -2.624759 -14.749249
UA -2.489926 -5.409208 -2.845467 1.903339 -2.898383 -6.310407 2.954995 -4.317954 -4.74088 1.935458 -6.22219 0.08987 4.713679 -3.545001 1.046081 -1.582126 -14.749249
UC -11.832676 -8.905171 -7.962246 -4.299176 -7.829112 -8.563738 -4.27413 -4.578597 -7.14017 -4.064578 -10.719635 -4.569487 -3.545001 -3.989992 -4.242414 -6.024924 -14.749249
UG -3.646643 -7.122004 -5.781166 -0.377684 -6.100119 -8.232052 1.222108 -6.404031 -7.631185 0.314468 -4.283873 -1.328991 1.046081 -4.242414 3.181031 -3.681482 -14.749249
UU -8.887904 -8.297561 -9.532807 -2.395783 -8.872221 -6.510908 -3.040534 -5.397941 -9.787695 -2.943384 -5.027269 -2.624759 -1.582126 -6.024924 -3.681482 -0.73662 -14.749249
NN -14.749249 -14.749249 -14.749249 -14.749249 -14.749249 -14.749249 -14.749249 -14.749249 -14.749249 -14.749249 -14.749249 -14.749249 -14.749249 -14.749249 -14.749249 -14.749249 -14.749249
