 AA AC AG AU CA CC CG CU GA GC GG GU UA UC UG UU NN
AA -3.632526 -6.083045 -10.970073 -4.449669 -10.555574 -12.709814 -3.541578 -11.861981 -9.544455 -5.041667 -12.342675 -5.498219 -3.277539 -12.569822 -3.76077 -10.746085 -12.723032
AC -6.083045 -1.634314 -9.102688 -1.684324 -9.763996 -6.512313 -4.384475 -9.375346 -6.310158 -2.603089 -9.160579 -3.794761 -3.632584 -9.765609 -5.845835 -8.417205 -12.723032
AG -10.970073 -9.102688 -2.490922 -4.255993 -10.253981 -12.723032 -1.71873 -10.430004 -7.377145 -4.082397 -4.256126 -5.852726 -2.541869 -10.192627 -5.806918 -8.210487 -12.723032
AU -4.449669 -1.684324 -4.255993 3.828888 -4.903858 -2.367897 2.371232 -3.408809 -3.687254 3.266564 -4.263902 0.927388 2.013462 -4.276735 -0.03231 -2.71337 -12.723032
CA -10.555574 -9.763996 -10.253981 -4.903858 -5.652417 -9.859499 -2.243983 -8.566829 -6.514464 -4.187448 -10.584324 -5.34292 -3.077609 -8.487379 -6.007533 -8.883384 -12.723032
CC -12.709814 -6.512313 -12.723032 -2.367897 -9.859499 -3.11754 -3.368762 -5.042992 -9.410751 -2.47307 -10.936572 -5.287706 -4.418399 -7.598542 -6.315364 -5.321623 -12.723032
CG -3.541578 -4.384475 -1.71873 2.371232 -2.243983 -3.368762 5.272256 -3.912133 -4.229581 3.166278 -3.923699 0.616101 3.297471 -4.1 1.556962 -2.185632 -12.723032
CU -11.861981 -9.375346 -10.430004 -3.408809 -8.566829 -5.042992 -3.912133 -2.987911 -8.917256 -2.382178 -7.207618 -4.190705 -3.520841 -5.383523 -5.126736 -6.420647 -12.723032
GA -9.544455 -6.310158 -7.377145 -3.687254 -6.514464 -9.410751 -4.229581 -8.917256 -2.217439 -1.968795 -10.219535 -4.958788 -3.595626 -8.803971 -7.670164 -8.75588 -12.723032
GC -5.041667 -2.603089 -4.082397 3.266564 -4.187448 -2.47307 3.166278 -2.382178 -1.968795 5.613629 -3.541589 1.898063 2.53609 -3.556555 0.792946 -2.408276 -12.723032
GG -12.342675 -9.160579 -4.256126 -4.263902 -10.584324 -10.936572 -3.923699 -7.207618 -10.219535 -3.541589 -2.496874 -4.715951 -5.060648 -9.911646 -4.222704 -7.152452 -12.723032
GU -5.498219 -3.794761 -5.852726 0.927388 -5.34292 -5.287706 0.616101 -4.190705 -4.958788 1.898063 -4.715951 2.965777 0.311222 -4.639131 -1.095562 -3.178482 -12.723032
UA -3.277539 -3.632584 -2.541869 2.013462 -3.077609 -4.418399 3.297471 -3.520841 -3.595626 2.53609 -5.060648 0.311222 4.185666 -3.219319 1.204272 -1.742893 -12.723032
UC -12.569822 -9.765609 -10.192627 -4.276735 -8.487379 -7.598542 -4.1 -5.383523 -8.803971 -3.556555 -9.911646 -4.639131 -3.219319 -5.351823 -3.619421 -7.396339 -12.723032
UG -3.76077 -5.845835 -5.806918 -0.03231 -6.007533 -6.315364 1.556962 -5.126736 -7.670164 0.792946 -4.222704 -1.095562 1.204272 -3.619421 2.820651 -2.844865 -12.723032
UU -10.746085 -8.417205 -8.210487 -2.71337 -8.883384 -5.321623 -2.185632 -6.420647 -8.75588 -2.408276 -7.152452 -3.178482 -1.742893 -7.396339 -2.844865 -1.924157 -12.723032
NN -12.723032 -12.723032 -12.723032 -12.723032 -12.723032 -12.723032 -12.723032 -12.723032 -12.723032 -12.723032 -12.723032 -12.723032 -12.723032 -12.723032 -12.723032 -12.723032 -12.723032
