 AA AC AG AU CA CC CG CU GA GC GG GU UA UC UG UU NN
AA -2.129015 -8.223641 -8.147653 -4.422026 -9.630999 -13.364641 -4.868334 -12.215241 -6.608544 -4.779267 -8.913977 -5.964173 -4.365674 -10.70878 -6.152093 -9.100657 -14.841087
AC -8.223641 -2.043308 -9.105354 -2.111624 -9.617695 -9.547891 -5.982796 -10.660158 -9.984021 -3.734459 -11.904364 -5.591406 -5.737995 -8.476311 -7.328691 -7.727319 -14.841087
AG -8.147653 -9.105354 -0.683246 -5.445366 -9.59618 -14.841087 -4.674677 -9.173979 -9.426547 -6.114863 -5.543117 -6.910197 -6.294704 -8.311977 -5.763156 -10.778416 -14.841087
AU -4.422026 -2.111624 -5.445366 4.57717 -5.966288 -6.977142 1.504748 -5.431948 -6.03568 2.576993 -5.767284 0.499398 1.500662 -5.099971 -0.718418 -3.082418 -14.841087
CA -9.630999 -9.617695 -9.59618 -5.966288 -5.324711 -11.55324 -3.73293 -7.564379 -8.337785 -6.280391 -12.070018 -8.452312 -2.572196 -6.849331 -6.04739 -8.355794 -14.841087
CC -13.364641 -9.547891 -14.841087 -6.977142 -11.55324 -3.063525 -5.578298 -6.37913 -13.320814 -3.932641 -12.931358 -7.938382 -7.33303 -7.79347 -8.81843 -5.891864 -14.841087
CG -4.868334 -5.982796 -4.674677 1.504748 -3.73293 -5.578298 5.433518 -4.77808 -6.396882 1.850314 -4.630083 -0.51251 2.635562 -4.780277 1.221221 -3.957271 -14.841087
CU -12.215241 -10.660158 -9.173979 -5.431948 -7.564379 -6.37913 -4.77808 -1.918915 -7.310145 -5.872048 -13.874432 -6.409132 -4.502807 -3.82542 -7.784291 -4.540146 -14.841087
GA -6.608544 -9.984021 -9.426547 -6.03568 -8.337785 -13.320814 -6.396882 -7.310145 -0.993154 -5.433286 -8.900847 -6.587589 -6.049568 -6.537024 -7.681133 -11.683245 -14.841087
GC -4.779267 -3.734459 -6.114863 2.576993 -6.280391 -3.932641 1.850314 -5.872048 -5.433286 5.668652 -4.552608 1.063703 1.385994 -4.637905 -0.243222 -4.252751 -14.841087
GG -8.913977 -11.904364 -5.543117 -5.767284 -12.070018 -12.931358 -4.630083 -13.874432 -8.900847 -4.552608 -1.957722 -6.146542 -6.039525 -11.421058 -4.168568 -11.25231 -14.841087
GU -5.964173 -5.591406 -6.910197 0.499398 -8.452312 -7.938382 -0.51251 -6.409132 -6.587589 1.063703 -6.146542 3.550346 -0.725411 -5.860989 -2.175048 -4.939153 -14.841087
UA -4.365674 -5.737995 -6.294704 1.500662 -2.572196 -7.33303 2.635562 -4.502807 -6.049568 1.385994 -6.039525 -0.725411 5.040672 -2.975542 1.018589 -3.565866 -14.841087
UC -10.70878 -8.476311 -8.311977 -5.099971 -6.849331 -7.79347 -4.780277 -3.82542 -6.537024 -4.637905 -11.421058 -5.860989 -2.975542 -3.145245 -4.918369 -5.376467 -14.841087
UG -6.152093 -7.328691 -5.763156 -0.718418 -6.04739 -8.81843 1.221221 -7.784291 -7.681133 -0.243222 -4.168568 -2.175048 1.018589 -4.918369 3.432592 -4.622044 -14.841087
UU -9.100657 -7.727319 -10.778416 -3.082418 -8.355794 -5.891864 -3.957271 -4.540146 -11.683245 -4.252751 -11.25231 -4.939153 -3.565866 -5.376467 -4.622044 0.12543 -14.841087
NN -14.841087 -14.841087 -14.841087 -14.841087 -14.841087 -14.841087 -14.841087 -14.841087 -14.841087 -14.841087 -14.841087 -14.841087 -14.841087 -14.841087 -14.841087 -14.841087 -14.841087
