 AA AC AG AU CA CC CG CU GA GC GG GU UA UC UG UU NN
AA -1.29838 -8.934946 -8.24437 -5.403376 -12.001084 -999.0 -8.590608 -14.582499 -8.138451 -7.480672 -10.34745 -8.991235 -6.742224 -15.51379 -9.348156 -11.283604 -999.0
AC -8.934946 -0.202028 -10.466597 -4.841137 -12.56279 -9.076196 -9.192796 -13.303686 -16.676521 -4.084716 -13.634561 -7.655759 -8.145754 -8.565754 -10.939604 -11.456045 -999.0
AG -8.24437 -10.466597 -0.570258 -7.051588 -12.509382 -15.649949 -6.133644 -14.205437 -11.185611 -8.165497 -7.081788 -10.47862 -7.872351 -13.279438 -6.792976 -12.216106 -999.0
AU -5.403376 -4.841137 -7.051588 5.103644 -10.030135 -10.025403 -2.498025 -6.524018 -10.769958 -0.344126 -8.432188 -1.105024 -2.569888 -8.586888 -4.455612 -4.590546 -999.0
CA -12.001084 -12.56279 -12.509382 -10.030135 -1.637844 -9.862461 -4.416414 -8.056408 -9.587574 -8.635924 -8.295801 -10.339126 -4.515762 -12.214199 -7.852329 -11.998107 -999.0
CC -999.0 -9.076196 -15.649949 -10.025403 -9.862461 -0.740726 -5.574846 -7.108185 -12.596311 -4.415761 -13.633089 -10.15777 -8.3413 -9.967654 -10.052714 -8.873175 -999.0
CG -8.590608 -9.192796 -6.133644 -2.498025 -4.416414 -5.574846 6.132401 -6.293356 -9.510939 -1.659167 -5.626855 -3.837368 -0.30245 -7.845518 -0.458898 -7.036532 -999.0
CU -14.582499 -13.303686 -14.205437 -6.524018 -8.056408 -7.108185 -6.293356 -0.626071 -14.117577 -7.353624 -13.293013 -6.994087 -7.412897 -7.900952 -9.365936 -8.557462 -999.0
GA -8.138451 -16.676521 -11.185611 -10.769958 -9.587574 -12.596311 -9.510939 -14.117577 -0.453508 -6.562453 -9.427552 -7.292583 -7.518929 -17.527365 -12.182994 -15.497891 -999.0
GC -7.480672 -4.084716 -8.165497 -0.344126 -8.635924 -4.415761 -1.659167 -7.353624 -6.562453 6.225852 -5.385457 -0.351863 -2.904513 -5.612738 -3.708414 -6.85129 -999.0
GG -10.34745 -13.634561 -7.081788 -8.432188 -8.295801 -13.633089 -5.626855 -13.293013 -9.427552 -5.385457 -1.104121 -6.68829 -9.931425 -12.652055 -6.35884 -13.094729 -999.0
GU -8.991235 -7.655759 -10.47862 -1.105024 -10.339126 -10.15777 -3.837368 -6.994087 -7.292583 -0.351863 -6.68829 3.932197 -4.758701 -7.703102 -5.128967 -6.235789 -999.0
UA -6.742224 -8.145754 -7.872351 -2.569888 -4.515762 -8.3413 -0.30245 -7.412897 -7.518929 -2.904513 -9.931425 -4.758701 5.266021 -5.645415 -1.358445 -5.70091 -999.0
UC -15.51379 -8.565754 -13.279438 -8.586888 -12.214199 -9.967654 -7.845518 -7.900952 -17.527365 -5.612738 -12.652055 -7.703102 -5.645415 -0.717755 -6.985813 -6.47479 -999.0
UG -9.348156 -10.939604 -6.792976 -4.455612 -7.852329 -10.052714 -0.458898 -9.365936 -12.182994 -3.708414 -6.35884 -5.128967 -1.358445 -6.985813 3.920933 -6.398357 -999.0
UU -11.283604 -11.456045 -12.216106 -4.590546 -11.998107 -8.873175 -7.036532 -8.557462 -15.497891 -6.85129 -13.094729 -6.235789 -5.70091 -6.47479 -6.398357 0.263153 -999.0
NN -999.0 -999.0 -999.0 -999.0 -999.0 -999.0 -999.0 -999.0 -999.0 -999.0 -999.0 -999.0 -999.0 -999.0 -999.0 -999.0 -999.0
