 AA AC AG AU CA CC CG CU GA GC GG GU UA UC UG UU NN
AA -4.324515 -6.34707 -10.782877 -4.036363 -12.082048 -12.06499 -4.090445 -12.976174 -9.079873 -5.151275 -11.578046 -4.930652 -3.76667 -13.310059 -4.486265 -10.857939 -14.489961
AC -6.34707 -2.384727 -10.633211 -1.909411 -11.743287 -8.010596 -4.466011 -10.328397 -8.764599 -2.071401 -8.936461 -5.50012 -4.217864 -10.032004 -5.551549 -8.661509 -14.489961
AG -10.782877 -10.633211 -2.881518 -5.194482 -11.58369 -14.489961 -1.843842 -11.178613 -8.74642 -5.222465 -4.773199 -8.409726 -2.679379 -10.074039 -5.941416 -7.080228 -14.489961
AU -4.036363 -1.909411 -5.194482 3.650298 -5.432868 -2.079788 2.498338 -4.110472 -3.931717 3.422422 -4.738411 0.943748 2.085749 -4.335674 -0.04932 -3.080606 -14.489961
CA -12.082048 -11.743287 -11.58369 -5.432868 -6.964655 -8.532395 -3.018571 -8.676614 -9.099648 -3.978258 -10.810333 -5.728172 -3.095399 -8.411759 -6.829659 -10.45025 -14.489961
CC -12.06499 -8.010596 -14.489961 -2.079788 -8.532395 -3.521873 -2.993335 -5.453162 -10.515065 -2.544167 -10.796053 -4.855169 -3.532959 -7.584894 -5.438914 -4.983791 -14.489961
CG -4.090445 -4.466011 -1.843842 2.498338 -3.018571 -2.993335 5.406877 -3.820677 -4.348801 3.241358 -3.90735 0.553499 3.490818 -3.849325 1.533516 -3.268514 -14.489961
CU -12.976174 -10.328397 -11.178613 -4.110472 -8.676614 -5.453162 -3.820677 -4.174794 -9.408173 -2.894782 -10.476726 -4.776496 -2.910925 -6.768379 -5.264931 -7.138694 -14.489961
GA -9.079873 -8.764599 -8.74642 -3.931717 -9.099648 -10.515065 -4.348801 -9.408173 -3.158529 -2.393972 -10.677486 -5.813157 -3.478321 -9.205834 -8.654198 -12.066749 -14.489961
GC -5.151275 -2.071401 -5.222465 3.422422 -3.978258 -2.544167 3.241358 -2.894782 -2.393972 5.76567 -3.380957 1.923119 2.7134 -3.532329 0.62354 -2.63855 -14.489961
GG -11.578046 -8.936461 -4.773199 -4.738411 -10.810333 -10.796053 -3.90735 -10.476726 -10.677486 -3.380957 -2.612319 -4.987291 -4.940667 -11.20211 -4.300012 -6.901706 -14.489961
GU -4.930652 -5.50012 -8.409726 0.943748 -5.728172 -4.855169 0.553499 -4.776496 -5.813157 1.923119 -4.987291 2.918291 0.387246 -4.949363 -1.245321 -4.246113 -14.489961
UA -3.76667 -4.217864 -2.679379 2.085749 -3.095399 -3.532959 3.490818 -2.910925 -3.478321 2.7134 -4.940667 0.387246 4.045941 -3.301908 1.10863 -1.932117 -14.489961
UC -13.310059 -10.032004 -10.074039 -4.335674 -8.411759 -7.584894 -3.849325 -6.768379 -9.205834 -3.532329 -11.20211 -4.949363 -3.301908 -6.172462 -3.410667 -7.687684 -14.489961
UG -4.486265 -5.551549 -5.941416 -0.04932 -6.829659 -5.438914 1.533516 -5.264931 -8.654198 0.62354 -4.300012 -1.245321 1.10863 -3.410667 2.648377 -2.518695 -14.489961
UU -10.857939 -8.661509 -7.080228 -3.080606 -10.45025 -4.983791 -3.268514 -7.138694 -12.066749 -2.63855 -6.901706 -4.246113 -1.932117 -7.687684 -2.518695 -1.705758 -14.489961
NN -14.489961 -14.489961 -14.489961 -14.489961 -14.489961 -14.489961 -14.489961 -14.489961 -14.489961 -14.489961 -14.489961 -14.489961 -14.489961 -14.489961 -14.489961 -14.489961 -14.489961
