 AA AC AG AU CA CC CG CU GA GC GG GU UA UC UG UU NN
AA -3.68564 -6.120801 -11.007995 -4.480758 -10.593527 -12.629466 -3.498286 -11.904096 -9.582377 -4.95671 -12.343126 -5.389749 -3.251703 -12.611937 -3.800291 -10.807521 -12.730633
AC -6.120801 -1.65707 -9.125449 -1.713159 -9.786788 -6.518941 -4.318311 -9.4023 -6.332919 -2.542494 -9.168148 -3.818767 -3.605786 -9.780669 -5.863633 -8.463481 -12.730633
AG -11.007995 -9.125449 -2.513652 -4.289079 -10.269579 -12.730633 -1.725424 -10.456927 -7.399875 -4.0862 -4.263663 -5.878619 -2.52552 -10.207834 -5.829682 -8.241941 -12.730633
AU -4.480758 -1.713159 -4.289079 3.790888 -4.873697 -2.333646 2.39799 -3.436355 -3.726114 3.279757 -4.282177 0.926249 2.011669 -4.298434 -0.006243 -2.749085 -12.730633
CA -10.593527 -9.786788 -10.269579 -4.873697 -5.67521 -9.867131 -2.245289 -8.593783 -6.537225 -4.172453 -10.591893 -5.347386 -3.092834 -8.514333 -6.033165 -8.92966 -12.730633
CC -12.629466 -6.518941 -12.730633 -2.333646 -9.867131 -3.110012 -3.356347 -5.054785 -9.418352 -2.463322 -10.92898 -5.294004 -4.396319 -7.610335 -6.311129 -5.352738 -12.730633
CG -3.498286 -4.318311 -1.725424 2.39799 -2.245289 -3.356347 5.290537 -3.919925 -4.234705 3.199554 -3.9091 0.640814 3.316591 -4.100113 1.568732 -2.211918 -12.730633
CU -11.904096 -9.4023 -10.456927 -3.436355 -8.593783 -5.054785 -3.919925 -3.019027 -8.944179 -2.37978 -7.217847 -4.216243 -3.510616 -5.414638 -5.066141 -6.469604 -12.730633
GA -9.582377 -6.332919 -7.399875 -3.726114 -6.537225 -9.418352 -4.234705 -8.944179 -2.240168 -1.962801 -10.227073 -4.984758 -3.630522 -8.830893 -7.683788 -8.802124 -12.730633
GC -4.95671 -2.542494 -4.0862 3.279757 -4.172453 -2.463322 3.199554 -2.37978 -1.962801 5.633242 -3.513952 1.905669 2.560007 -3.557772 0.805617 -2.389187 -12.730633
GG -12.343126 -9.168148 -4.263663 -4.282177 -10.591893 -10.92898 -3.9091 -7.217847 -10.227073 -3.513952 -2.48922 -4.725913 -5.050039 -9.923377 -4.23316 -7.183505 -12.730633
GU -5.389749 -3.818767 -5.878619 0.926249 -5.347386 -5.294004 0.640814 -4.216243 -4.984758 1.905669 -4.725913 2.955489 0.3363 -4.6685 -1.082282 -3.225047 -12.730633
UA -3.251703 -3.605786 -2.52552 2.011669 -3.092834 -4.396319 3.316591 -3.510616 -3.630522 2.560007 -5.050039 0.3363 4.149085 -3.253526 1.195219 -1.769916 -12.730633
UC -12.611937 -9.780669 -10.207834 -4.298434 -8.514333 -7.610335 -4.100113 -5.414638 -8.830893 -3.557772 -9.923377 -4.6685 -3.253526 -5.382939 -3.602864 -7.446776 -12.730633
UG -3.800291 -5.863633 -5.829682 -0.006243 -6.033165 -6.311129 1.568732 -5.066141 -7.683788 0.805617 -4.23316 -1.082282 1.195219 -3.602864 2.796623 -2.823756 -12.730633
UU -10.807521 -8.463481 -8.241941 -2.749085 -8.92966 -5.352738 -2.211918 -6.469604 -8.802124 -2.389187 -7.183505 -3.225047 -1.769916 -7.446776 -2.823756 -1.99378 -12.730633
NN -12.730633 -12.730633 -12.730633 -12.730633 -12.730633 -12.730633 -12.730633 -12.730633 -12.730633 -12.730633 -12.730633 -12.730633 -12.730633 -12.730633 -12.730633 -12.730633 -12.730633
