 AA AC AG AU CA CC CG CU GA GC GG GU UA UC UG UU NN
AA -3.67903 -5.680084 -10.775687 -4.112531 -11.748309 -12.341592 -3.761649 -12.028 -9.344594 -4.964458 -12.139289 -5.484192 -3.478001 -12.471075 -3.580599 -10.797334 -12.636625
AC -5.680084 -1.892112 -8.83876 -1.793752 -10.499905 -6.223028 -4.027431 -9.372571 -7.931551 -2.473069 -9.720936 -3.838717 -3.275431 -9.663583 -5.547954 -8.630117 -12.636625
AG -10.775687 -8.83876 -2.779451 -4.485893 -11.171679 -12.636625 -1.886438 -10.826922 -7.172327 -4.218062 -5.076266 -6.961688 -2.516467 -9.890273 -5.749961 -7.85728 -12.636625
AU -4.112531 -1.793752 -4.485893 3.778184 -5.36436 -2.420767 2.404237 -3.256768 -3.498141 3.289178 -4.94948 0.956724 2.031266 -4.385375 -0.063036 -2.976971 -12.636625
CA -11.748309 -10.499905 -11.171679 -5.36436 -5.89578 -9.495632 -2.234216 -8.413957 -9.185988 -4.3153 -11.068923 -6.352081 -3.132122 -8.858928 -6.083588 -8.971919 -12.636625
CC -12.341592 -6.223028 -12.636625 -2.420767 -9.495632 -3.826865 -3.451778 -4.801895 -9.202184 -2.593347 -10.698463 -5.428781 -4.234959 -7.250398 -6.021124 -5.530369 -12.636625
CG -3.761649 -4.027431 -1.886438 2.404237 -2.234216 -3.451778 5.29153 -4.145562 -4.447253 3.194165 -3.909306 0.642066 3.35654 -3.821913 1.60903 -2.168338 -12.636625
CU -12.028 -9.372571 -10.826922 -3.256768 -8.413957 -4.801895 -4.145562 -3.425678 -8.612276 -2.539796 -6.813845 -4.295038 -3.291059 -5.075513 -5.098945 -6.18754 -12.636625
GA -9.344594 -7.931551 -7.172327 -3.498141 -9.185988 -9.202184 -4.447253 -8.612276 -2.322027 -2.002118 -10.276477 -4.76975 -3.622375 -8.471694 -7.75258 -8.419777 -12.636625
GC -4.964458 -2.473069 -4.218062 3.289178 -4.3153 -2.593347 3.194165 -2.539796 -2.002118 5.645429 -3.745848 1.911054 2.576761 -3.463423 0.841659 -2.425054 -12.636625
GG -12.139289 -9.720936 -5.076266 -4.94948 -11.068923 -10.698463 -3.909306 -6.813845 -10.276477 -3.745848 -2.58502 -4.818339 -5.053951 -9.678523 -4.309795 -7.808471 -12.636625
GU -5.484192 -3.838717 -6.961688 0.956724 -6.352081 -5.428781 0.642066 -4.295038 -4.76975 1.911054 -4.818339 2.975406 0.318923 -4.694829 -1.027004 -3.27568 -12.636625
UA -3.478001 -3.275431 -2.516467 2.031266 -3.132122 -4.234959 3.35654 -3.291059 -3.622375 2.576761 -5.053951 0.318923 4.120566 -3.003263 1.135031 -1.807444 -12.636625
UC -12.471075 -9.663583 -9.890273 -4.385375 -8.858928 -7.250398 -3.821913 -5.075513 -8.471694 -3.463423 -9.678523 -4.694829 -3.003263 -4.954988 -3.332309 -7.20847 -12.636625
UG -3.580599 -5.547954 -5.749961 -0.063036 -6.083588 -6.021124 1.60903 -5.098945 -7.75258 0.841659 -4.309795 -1.027004 1.135031 -3.332309 2.771471 -2.708143 -12.636625
UU -10.797334 -8.630117 -7.85728 -2.976971 -8.971919 -5.530369 -2.168338 -6.18754 -8.419777 -2.425054 -7.808471 -3.27568 -1.807444 -7.20847 -2.708143 -1.594765 -12.636625
NN -12.636625 -12.636625 -12.636625 -12.636625 -12.636625 -12.636625 -12.636625 -12.636625 -12.636625 -12.636625 -12.636625 -12.636625 -12.636625 -12.636625 -12.636625 -12.636625 -12.636625
