 AA AC AG AU CA CC CG CU GA GC GG GU UA UC UG UU NN
AA -0.921646 -9.201964 -9.830815 -8.574439 -999.0 -999.0 -12.601708 -13.769003 -9.229223 -9.630377 -10.991942 -12.922108 -9.870875 -999.0 -11.900244 -999.0 -999.0
AC -9.201964 0.202996 -10.978129 -5.579918 -15.27239 -9.015448 -12.699758 -999.0 -999.0 -3.258113 -12.503204 -9.565787 -10.786012 -9.658123 -12.398259 -13.311237 -999.0
AG -9.830815 -10.978129 -0.531235 -8.765161 -12.896668 -999.0 -5.490897 -999.0 -10.968716 -11.342964 -10.385803 -13.472779 -8.624572 -12.760829 -7.093817 -14.692984 -999.0
AU -8.574439 -5.579918 -8.765161 4.984605 -11.608763 -13.07446 -4.616132 -7.502168 -14.615673 -2.357854 -10.212895 -2.661693 -4.347998 -9.736216 -6.959447 -6.936153 -999.0
CA -999.0 -15.27239 -12.896668 -11.608763 -0.625211 -9.342258 -5.678921 -13.669862 -14.237333 -10.700402 -10.907705 -13.983222 -6.067057 -10.814624 -10.446367 -13.048202 -999.0
CC -999.0 -9.015448 -999.0 -13.07446 -9.342258 0.233441 -6.654098 -6.428176 -13.486609 -3.911178 -15.63697 -11.588647 -9.196977 -10.678731 -12.229149 -999.0 -999.0
CG -12.601708 -12.699758 -5.490897 -4.616132 -5.678921 -6.654098 6.396638 -6.9763 -10.505921 -3.428219 -5.701347 -5.652258 -2.249121 -10.285216 -1.454756 -9.693509 -999.0
CU -13.769003 -999.0 -999.0 -7.502168 -13.669862 -6.428176 -6.9763 -0.856572 -12.983222 -7.257069 -14.367365 -8.374961 -6.760177 -10.541593 -10.144893 -9.264241 -999.0
GA -9.229223 -999.0 -10.968716 -14.615673 -14.237333 -13.486609 -10.505921 -12.983222 -0.309394 -6.135244 -10.935263 -7.678453 -7.850823 -999.0 -12.443526 -999.0 -999.0
GC -9.630377 -3.258113 -11.342964 -2.357854 -10.700402 -3.911178 -3.428219 -7.257069 -6.135244 6.575081 -4.338362 -1.610989 -4.500702 -5.823681 -5.343959 -9.28873 -999.0
GG -10.991942 -12.503204 -10.385803 -10.212895 -10.907705 -15.63697 -5.701347 -14.367365 -10.935263 -4.338362 -0.661592 -6.124062 -16.766035 -999.0 -7.180579 -15.863978 -999.0
GU -12.922108 -9.565787 -13.472779 -2.661693 -13.983222 -11.588647 -5.652258 -8.374961 -7.678453 -1.610989 -6.124062 3.989746 -7.094806 -11.731906 -7.339663 -9.038026 -999.0
UA -9.870875 -10.786012 -8.624572 -4.347998 -6.067057 -9.196977 -2.249121 -6.760177 -7.850823 -4.500702 -16.766035 -7.094806 5.100583 -5.551972 -2.837413 -6.865448 -999.0
UC -999.0 -9.658123 -12.760829 -9.736216 -10.814624 -10.678731 -10.285216 -10.541593 -999.0 -5.823681 -999.0 -11.731906 -5.551972 -0.334786 -6.733417 -7.132363 -999.0
UG -11.900244 -12.398259 -7.093817 -6.959447 -10.446367 -12.229149 -1.454756 -10.144893 -12.443526 -5.343959 -7.180579 -7.339663 -2.837413 -6.733417 3.978849 -6.76174 -999.0
UU -999.0 -13.311237 -14.692984 -6.936153 -13.048202 -999.0 -9.693509 -9.264241 -999.0 -9.28873 -15.863978 -9.038026 -6.865448 -7.132363 -6.76174 0.39544 -999.0
NN -999.0 -999.0 -999.0 -999.0 -999.0 -999.0 -999.0 -999.0 -999.0 -999.0 -999.0 -999.0 -999.0 -999.0 -999.0 -999.0 -999.0
