 AA AC AG AU CA CC CG CU GA GC GG GU UA UC UG UU NN
AA -5.053707 -10.379997 -10.828238 -3.762507 -11.996821 -13.067563 -4.932908 -14.136991 -8.628454 -4.259497 -11.150292 -6.536541 -3.47105 -14.155185 -4.756864 -11.377984 -16.215953
AC -10.379997 -3.340346 -11.112356 -2.20952 -12.060441 -9.481421 -3.39891 -12.052471 -8.697252 -1.437458 -11.110205 -5.889617 -4.207435 -10.075384 -4.292991 -10.345406 -16.215953
AG -10.828238 -11.112356 -2.868657 -6.445313 -12.180778 -16.215953 -2.491096 -10.929125 -10.947524 -6.108533 -5.31082 -8.411545 -2.114465 -9.555328 -7.213209 -11.490898 -16.215953
AU -3.762507 -2.20952 -6.445313 3.390389 -5.730351 -2.513604 2.763763 -5.005542 -5.118708 3.549657 -5.642216 0.886905 2.028201 -4.734387 0.189527 -3.538644 -16.215953
CA -11.996821 -12.060441 -12.180778 -5.730351 -7.427789 -12.732096 -3.312037 -9.811084 -9.279019 -5.409784 -12.332448 -6.819847 -3.441747 -9.474093 -7.430175 -10.90986 -16.215953
CC -13.067563 -9.481421 -16.215953 -2.513604 -12.732096 -4.007853 -3.162397 -7.909345 -13.936642 -3.746308 -12.650286 -7.505788 -5.817913 -10.021465 -8.995331 -8.228966 -16.215953
CG -4.932908 -3.39891 -2.491096 2.763763 -3.312037 -3.162397 5.634431 -4.559776 -6.17446 3.429725 -4.721431 1.11081 3.571324 -3.862921 1.503882 -3.429637 -16.215953
CU -14.136991 -12.052471 -10.929125 -5.005542 -9.811084 -7.909345 -4.559776 -4.135166 -8.688025 -3.219816 -10.161461 -5.343549 -3.086274 -6.219042 -8.060111 -7.510286 -16.215953
GA -8.628454 -8.697252 -10.947524 -5.118708 -9.279019 -13.936642 -6.17446 -8.688025 -3.165243 -2.378148 -10.886322 -6.267298 -3.303135 -8.517141 -8.637035 -12.232146 -16.215953
GC -4.259497 -1.437458 -6.108533 3.549657 -5.409784 -3.746308 3.429725 -3.219816 -2.378148 6.005847 -3.448309 1.809343 2.871279 -2.768648 0.673665 -4.05377 -16.215953
GG -11.150292 -11.110205 -5.31082 -5.642216 -12.332448 -12.650286 -4.721431 -10.161461 -10.886322 -3.448309 -2.929564 -5.681162 -6.283692 -11.618776 -5.387934 -6.632155 -16.215953
GU -6.536541 -5.889617 -8.411545 0.886905 -6.819847 -7.505788 1.11081 -5.343549 -6.267298 1.809343 -5.681162 2.790776 0.459238 -4.270808 -1.539999 -4.263671 -16.215953
UA -3.47105 -4.207435 -2.114465 2.028201 -3.441747 -5.817913 3.571324 -3.086274 -3.303135 2.871279 -6.283692 0.459238 3.884234 -3.000149 0.830524 -2.116283 -16.215953
UC -14.155185 -10.075384 -9.555328 -4.734387 -9.474093 -10.021465 -3.862921 -6.219042 -8.517141 -2.768648 -11.618776 -4.270808 -3.000149 -5.579995 -3.199919 -7.871207 -16.215953
UG -4.756864 -4.292991 -7.213209 0.189527 -7.430175 -8.995331 1.503882 -8.060111 -8.637035 0.673665 -5.387934 -1.539999 0.830524 -3.199919 2.583333 -3.231506 -16.215953
UU -11.377984 -10.345406 -11.490898 -3.538644 -10.90986 -8.228966 -3.429637 -7.510286 -12.232146 -4.05377 -6.632155 -4.263671 -2.116283 -7.871207 -3.231506 -2.229628 -16.215953
NN -16.215953 -16.215953 -16.215953 -16.215953 -16.215953 -16.215953 -16.215953 -16.215953 -16.215953 -16.215953 -16.215953 -16.215953 -16.215953 -16.215953 -16.215953 -16.215953 -16.215953
