 AA AC AG AU CA CC CG CU GA GC GG GU UA UC UG UU NN
AA -2.836339 -8.542075 -9.171443 -4.960081 -9.972106 -13.465209 -3.825019 -11.940979 -6.945877 -5.17789 -9.66311 -6.415936 -2.48915 -11.834851 -3.648875 -8.891744 -14.748599
AC -8.542075 -2.063198 -9.338787 -1.625652 -10.361264 -8.794781 -5.346431 -10.614086 -7.670429 -2.701291 -10.140342 -4.682229 -5.392276 -8.906122 -7.122901 -8.300177 -14.748599
AG -9.171443 -9.338787 -1.333369 -5.886511 -10.348975 -14.748599 -2.561524 -9.498182 -9.634198 -6.11444 -4.364132 -7.083086 -2.840219 -7.963261 -5.782214 -9.535487 -14.748599
AU -4.960081 -1.625652 -5.886511 4.218933 -5.608631 -2.479611 2.055697 -4.127227 -3.861365 2.889332 -4.805366 0.741036 1.902883 -4.301568 -0.374404 -2.399937 -14.748599
CA -9.972106 -10.361264 -10.348975 -5.608631 -6.185568 -11.362358 -3.135092 -8.338771 -7.986957 -5.339947 -11.459665 -6.093825 -2.900026 -7.830062 -6.101134 -8.874837 -14.748599
CC -13.465209 -8.794781 -14.748599 -2.479611 -11.362358 -3.691113 -5.01991 -6.95449 -12.69552 -3.700908 -11.708041 -6.988342 -6.309171 -8.563464 -8.231842 -6.512299 -14.748599
CG -3.825019 -5.346431 -2.561524 2.055697 -3.135092 -5.01991 5.216376 -4.329356 -5.852565 2.819353 -4.659171 0.257087 2.95673 -4.273898 1.222936 -3.041975 -14.748599
CU -11.940979 -10.614086 -9.498182 -4.127227 -8.338771 -6.95449 -4.329356 -2.679123 -7.602646 -2.196868 -9.314241 -4.454374 -4.320234 -4.579988 -6.405424 -5.400998 -14.748599
GA -6.945877 -7.670429 -9.634198 -3.861365 -7.986957 -12.69552 -5.852565 -7.602646 -1.652584 -2.605374 -9.514881 -6.238974 -4.742708 -7.141185 -7.631738 -9.790375 -14.748599
GC -5.17789 -2.701291 -6.11444 2.889332 -5.339947 -3.700908 2.819353 -2.196868 -2.605374 5.501172 -4.641712 1.425776 1.937261 -4.064262 0.315068 -2.94484 -14.748599
GG -9.66311 -10.140342 -4.364132 -4.805366 -11.459665 -11.708041 -4.659171 -9.314241 -9.514881 -4.641712 -2.189426 -5.524756 -6.221954 -10.71949 -4.283793 -5.028789 -14.748599
GU -6.415936 -4.682229 -7.083086 0.741036 -6.093825 -6.988342 0.257087 -4.454374 -6.238974 1.425776 -5.524756 3.305492 0.092109 -4.570908 -1.330153 -2.627723 -14.748599
UA -2.48915 -5.392276 -2.840219 1.902883 -2.900026 -6.309171 2.95673 -4.320234 -4.742708 1.937261 -6.221954 0.092109 4.710644 -3.547309 1.045372 -1.586224 -14.748599
UC -11.834851 -8.906122 -7.963261 -4.301568 -7.830062 -8.563464 -4.273898 -4.579988 -7.141185 -4.064262 -10.71949 -4.570908 -3.547309 -3.991383 -4.243835 -6.02798 -14.748599
UG -3.648875 -7.122901 -5.782214 -0.374404 -6.101134 -8.231842 1.222936 -6.405424 -7.631738 0.315068 -4.283793 -1.330153 1.045372 -4.243835 3.179516 -3.684502 -14.748599
UU -8.891744 -8.300177 -9.535487 -2.399937 -8.874837 -6.512299 -3.041975 -5.400998 -9.790375 -2.94484 -5.028789 -2.627723 -1.586224 -6.02798 -3.684502 -0.741342 -14.748599
NN -14.748599 -14.748599 -14.748599 -14.748599 -14.748599 -14.748599 -14.748599 -14.748599 -14.748599 -14.748599 -14.748599 -14.748599 -14.748599 -14.748599 -14.748599 -14.748599 -14.748599
