 AA AC AG AU CA CC CG CU GA GC GG GU UA UC UG UU NN
AA -2.600567 -8.467939 -8.819485 -5.074901 -10.053981 -13.450757 -3.872748 -12.102272 -6.622717 -5.225275 -9.690546 -6.501104 -2.48499 -12.260351 -3.543396 -8.862793 -15.136793
AC -8.467939 -1.852273 -9.593305 -1.652333 -10.551422 -8.854811 -5.450894 -10.680818 -7.168934 -2.700414 -10.383556 -4.923363 -5.60509 -8.87683 -7.165599 -8.382135 -15.136793
AG -8.819485 -9.593305 -1.325788 -6.066426 -10.646173 -15.136793 -2.572288 -9.355807 -9.389321 -6.291675 -4.223394 -7.124271 -2.824353 -8.009649 -5.828027 -9.761854 -15.136793
AU -5.074901 -1.652333 -6.066426 4.256203 -5.777754 -2.375845 2.028595 -4.178211 -3.789295 2.874931 -4.929228 0.745067 1.878312 -4.539212 -0.39483 -2.452605 -15.136793
CA -10.053981 -10.551422 -10.646173 -5.777754 -6.203821 -11.694008 -3.241087 -8.32376 -7.763124 -5.397448 -11.479565 -6.201074 -2.906494 -8.02856 -6.20473 -8.847164 -15.136793
CC -13.450757 -8.854811 -15.136793 -2.375845 -11.694008 -3.458077 -5.069179 -6.862301 -12.895851 -3.75562 -12.065336 -7.103088 -6.47338 -8.946782 -8.304891 -6.639151 -15.136793
CG -3.872748 -5.450894 -2.572288 2.028595 -3.241087 -5.069179 5.220232 -4.386867 -6.029418 2.798284 -4.709682 0.249083 2.925087 -4.345505 1.188573 -3.006757 -15.136793
CU -12.102272 -10.680818 -9.355807 -4.178211 -8.32376 -6.862301 -4.386867 -2.558026 -7.139886 -2.204826 -9.135954 -4.409044 -4.335169 -4.667376 -6.481943 -5.425627 -15.136793
GA -6.622717 -7.168934 -9.389321 -3.789295 -7.763124 -12.895851 -6.029418 -7.139886 -1.6221 -2.571426 -9.906777 -6.187946 -4.86685 -6.97909 -7.671767 -10.142488 -15.136793
GC -5.225275 -2.700414 -6.291675 2.874931 -5.397448 -3.75562 2.798284 -2.204826 -2.571426 5.487147 -4.779033 1.423692 1.886496 -4.162154 0.32665 -3.035025 -15.136793
GG -9.690546 -10.383556 -4.223394 -4.929228 -11.479565 -12.065336 -4.709682 -9.135954 -9.906777 -4.779033 -2.306672 -5.534126 -6.323656 -10.568104 -4.341375 -5.017979 -15.136793
GU -6.501104 -4.923363 -7.124271 0.745067 -6.201074 -7.103088 0.249083 -4.409044 -6.187946 1.423692 -5.534126 3.321382 0.062309 -4.610063 -1.261419 -2.571696 -15.136793
UA -2.48499 -5.60509 -2.824353 1.878312 -2.906494 -6.47338 2.925087 -4.335169 -4.86685 1.886496 -6.323656 0.062309 4.726972 -3.527937 1.044685 -1.579255 -15.136793
UC -12.260351 -8.87683 -8.009649 -4.539212 -8.02856 -8.946782 -4.345505 -4.667376 -6.97909 -4.162154 -10.568104 -4.610063 -3.527937 -4.136279 -4.204799 -5.90082 -15.136793
UG -3.543396 -7.165599 -5.828027 -0.39483 -6.20473 -8.304891 1.188573 -6.481943 -7.671767 0.32665 -4.341375 -1.261419 1.044685 -4.204799 3.190996 -3.649002 -15.136793
UU -8.862793 -8.382135 -9.761854 -2.452605 -8.847164 -6.639151 -3.006757 -5.425627 -10.142488 -3.035025 -5.017979 -2.571696 -1.579255 -5.90082 -3.649002 -0.710431 -15.136793
NN -15.136793 -15.136793 -15.136793 -15.136793 -15.136793 -15.136793 -15.136793 -15.136793 -15.136793 -15.136793 -15.136793 -15.136793 -15.136793 -15.136793 -15.136793 -15.136793 -15.136793
