 AA AC AG AU CA CC CG CU GA GC GG GU UA UC UG UU NN
AA -0.570305 -8.489737 -7.398375 -5.383325 -10.042229 -14.521646 -6.647742 -12.514114 -5.953233 -5.137791 -9.539088 -7.398473 -5.676343 -13.004088 -7.652533 -9.365199 -14.521646
AC -8.489737 -0.096256 -9.237542 -3.706655 -10.843356 -8.062216 -6.479673 -11.298156 -11.544698 -3.642823 -11.653335 -6.452954 -7.729789 -9.083835 -9.263173 -9.121751 -14.521646
AG -7.398375 -9.237542 -0.512638 -6.596812 -11.263007 -13.180372 -5.699557 -12.28188 -7.742789 -7.723479 -6.216204 -6.875488 -7.716627 -12.039447 -6.329543 -10.476687 -14.521646
AU -5.383325 -3.706655 -6.596812 5.073387 -8.126088 -8.657013 -0.68016 -5.778953 -8.81523 1.112599 -7.309529 -0.525076 -1.08009 -6.745828 -3.191678 -3.451187 -14.521646
CA -10.042229 -10.843356 -11.263007 -8.126088 -2.696346 -10.969602 -3.9207 -9.312809 -9.50969 -6.809683 -8.587496 -8.592533 -2.847091 -11.633516 -6.367803 -9.536359 -14.521646
CC -14.521646 -8.062216 -13.180372 -8.657013 -10.969602 -0.837621 -5.041646 -6.189981 -14.01126 -4.098527 -12.092514 -8.440059 -7.026528 -9.398321 -8.963478 -5.244713 -14.521646
CG -6.647742 -6.479673 -5.699557 -0.68016 -3.9207 -5.041646 5.90817 -4.824979 -7.935357 0.044609 -4.994569 -1.862404 1.055321 -6.471956 0.677524 -4.79346 -14.521646
CU -12.514114 -11.298156 -12.28188 -5.778953 -9.312809 -6.189981 -4.824979 -0.843283 -12.971136 -6.69263 -11.879531 -6.269594 -6.755009 -6.156319 -8.069633 -6.221099 -14.521646
GA -5.953233 -11.544698 -7.742789 -8.81523 -9.50969 -14.01126 -7.935357 -12.971136 -0.640968 -5.892459 -8.964339 -5.859372 -7.067588 -13.616709 -9.010544 -13.532261 -14.521646
GC -5.137791 -3.642823 -7.723479 1.112599 -6.809683 -4.098527 0.044609 -6.69263 -5.892459 6.004846 -4.678943 0.522345 -1.118085 -4.281113 -2.2109 -5.364008 -14.521646
GG -9.539088 -11.653335 -6.216204 -7.309529 -8.587496 -12.092514 -4.994569 -11.879531 -8.964339 -4.678943 -1.961751 -5.670965 -7.294054 -11.522193 -4.884623 -12.380821 -14.521646
GU -7.398473 -6.452954 -6.875488 -0.525076 -8.592533 -8.440059 -1.862404 -6.269594 -5.859372 0.522345 -5.670965 3.799729 -3.274285 -4.754189 -3.226582 -5.370079 -14.521646
UA -5.676343 -7.729789 -7.716627 -1.08009 -2.847091 -7.026528 1.055321 -6.755009 -7.067588 -1.118085 -7.294054 -3.274285 5.230139 -5.099317 -0.503062 -4.557936 -14.521646
UC -13.004088 -9.083835 -12.039447 -6.745828 -11.633516 -9.398321 -6.471956 -6.156319 -13.616709 -4.281113 -11.522193 -4.754189 -5.099317 -1.777907 -6.308924 -4.969815 -14.521646
UG -7.652533 -9.263173 -6.329543 -3.191678 -6.367803 -8.963478 0.677524 -8.069633 -9.010544 -2.2109 -4.884623 -3.226582 -0.503062 -6.308924 3.749841 -5.757518 -14.521646
UU -9.365199 -9.121751 -10.476687 -3.451187 -9.536359 -5.244713 -4.79346 -6.221099 -13.532261 -5.364008 -12.380821 -5.370079 -4.557936 -4.969815 -5.757518 0.346947 -14.521646
NN -14.521646 -14.521646 -14.521646 -14.521646 -14.521646 -14.521646 -14.521646 -14.521646 -14.521646 -14.521646 -14.521646 -14.521646 -14.521646 -14.521646 -14.521646 -14.521646 -14.521646
