 AA AC AG AU CA CC CG CU GA GC GG GU UA UC UG UU NN
AA -1.442928 -8.715155 -8.734446 -4.906521 -10.103088 -13.360103 -5.326943 -11.579352 -6.083216 -4.722525 -10.321057 -6.431217 -4.620718 -12.655344 -6.119643 -8.477506 -14.58825
AC -8.715155 -1.425838 -8.652269 -2.304238 -9.881466 -8.629304 -5.658786 -11.118824 -10.237887 -3.707499 -12.501049 -5.853288 -5.982329 -8.913567 -7.414445 -7.570121 -14.58825
AG -8.734446 -8.652269 -0.59859 -5.758496 -10.916357 -14.58825 -4.611005 -8.863957 -9.776563 -6.291613 -5.111895 -7.023984 -6.590847 -8.009896 -5.43732 -10.376417 -14.58825
AU -4.906521 -2.304238 -5.758496 4.769037 -6.462121 -7.168554 1.164429 -5.670652 -6.817046 2.303032 -6.482977 0.386081 1.0979 -5.723774 -1.141186 -2.991071 -14.58825
CA -10.103088 -9.881466 -10.916357 -6.462121 -4.98583 -11.021803 -3.631029 -7.622833 -8.565305 -6.232825 -11.706839 -8.391454 -2.612662 -7.520756 -6.181328 -7.928152 -14.58825
CC -13.360103 -8.629304 -14.58825 -7.168554 -11.021803 -2.184409 -5.174605 -6.653985 -13.252044 -3.923281 -11.957941 -8.014842 -7.423341 -7.777703 -8.73477 -6.346657 -14.58825
CG -5.326943 -5.658786 -4.611005 1.164429 -3.631029 -5.174605 5.542858 -4.851687 -6.634483 1.525338 -4.470314 -0.947698 2.319914 -4.67286 1.067588 -3.968979 -14.58825
CU -11.579352 -11.118824 -8.863957 -5.670652 -7.622833 -6.653985 -4.851687 -1.422592 -6.872515 -6.42341 -12.874133 -6.683981 -4.664716 -4.133561 -7.675507 -4.63443 -14.58825
GA -6.083216 -10.237887 -9.776563 -6.817046 -8.565305 -13.252044 -6.634483 -6.872515 -0.869336 -5.445117 -9.256233 -6.499209 -5.851153 -6.514507 -7.412794 -11.422035 -14.58825
GC -4.722525 -3.707499 -6.291613 2.303032 -6.232825 -3.923281 1.525338 -6.42341 -5.445117 5.730676 -5.087092 0.91761 0.938822 -4.791661 -0.588164 -4.508472 -14.58825
GG -10.321057 -12.501049 -5.111895 -6.482977 -11.706839 -11.957941 -4.470314 -12.874133 -9.256233 -5.087092 -2.048591 -6.040912 -6.459586 -11.273646 -4.088928 -10.94085 -14.58825
GU -6.431217 -5.853288 -7.023984 0.386081 -8.391454 -8.014842 -0.947698 -6.683981 -6.499209 0.91761 -6.040912 3.612448 -1.220607 -5.297401 -2.382869 -4.930597 -14.58825
UA -4.620718 -5.982329 -6.590847 1.0979 -2.612662 -7.423341 2.319914 -4.664716 -5.851153 0.938822 -6.459586 -1.220607 5.121292 -3.147867 0.747553 -3.839319 -14.58825
UC -12.655344 -8.913567 -8.009896 -5.723774 -7.520756 -7.777703 -4.67286 -4.133561 -6.514507 -4.791661 -11.273646 -5.297401 -3.147867 -3.046907 -5.261936 -4.889768 -14.58825
UG -6.119643 -7.414445 -5.43732 -1.141186 -6.181328 -8.73477 1.067588 -7.675507 -7.412794 -0.588164 -4.088928 -2.382869 0.747553 -5.261936 3.53737 -4.504014 -14.58825
UU -8.477506 -7.570121 -10.376417 -2.991071 -7.928152 -6.346657 -3.968979 -4.63443 -11.422035 -4.508472 -10.94085 -4.930597 -3.839319 -4.889768 -4.504014 0.165608 -14.58825
NN -14.58825 -14.58825 -14.58825 -14.58825 -14.58825 -14.58825 -14.58825 -14.58825 -14.58825 -14.58825 -14.58825 -14.58825 -14.58825 -14.58825 -14.58825 -14.58825 -14.58825
