 AA AC AG AU CA CC CG CU GA GC GG GU UA UC UG UU NN
AA -1.697152 -7.463906 -8.299832 -4.468084 -9.418339 -14.186299 -5.207254 -13.002363 -6.577377 -5.22321 -8.854963 -5.910226 -4.137567 -13.128623 -6.051452 -9.158454 -16.051364
AC -7.463906 -1.519038 -8.102783 -2.273684 -9.48314 -10.011867 -5.789649 -11.351175 -9.702468 -3.751374 -11.805336 -5.983385 -5.613241 -9.09473 -6.902463 -7.832609 -16.051364
AG -8.299832 -8.102783 -0.687005 -5.413325 -10.696247 -16.051364 -4.623394 -9.52644 -9.531137 -5.823488 -4.877902 -6.887625 -6.589424 -8.693788 -5.761255 -11.151924 -16.051364
AU -4.468084 -2.273684 -5.413325 4.723084 -6.245175 -7.374091 1.237771 -6.179288 -6.105141 2.414293 -6.254495 0.509133 1.187122 -5.434962 -1.001445 -2.754718 -16.051364
CA -9.418339 -9.48314 -10.696247 -6.245175 -4.307584 -10.810524 -3.411053 -7.983187 -8.125919 -6.477765 -12.105459 -8.461784 -2.286806 -7.056783 -5.874623 -7.986556 -16.051364
CC -14.186299 -10.011867 -16.051364 -7.374091 -10.810524 -2.752644 -5.744256 -5.692703 -13.044128 -3.645508 -12.985386 -8.286838 -6.920017 -7.371093 -8.784296 -5.636253 -16.051364
CG -5.207254 -5.789649 -4.623394 1.237771 -3.411053 -5.744256 5.517536 -5.099826 -6.306307 1.649598 -4.546126 -0.691455 2.403317 -5.349652 1.168412 -4.244953 -16.051364
CU -13.002363 -11.351175 -9.52644 -6.179288 -7.983187 -5.692703 -5.099826 -1.555072 -7.410328 -6.665788 -13.573803 -6.808394 -5.11147 -3.959956 -7.702046 -5.480616 -16.051364
GA -6.577377 -9.702468 -9.531137 -6.105141 -8.125919 -13.044128 -6.306307 -7.410328 -0.925064 -5.287638 -8.8529 -6.914885 -6.14381 -6.508844 -7.394017 -12.233368 -16.051364
GC -5.22321 -3.751374 -5.823488 2.414293 -6.477765 -3.645508 1.649598 -6.665788 -5.287638 5.719178 -4.734723 0.982226 1.083701 -4.694966 -0.463393 -4.551268 -16.051364
GG -8.854963 -11.805336 -4.877902 -6.254495 -12.105459 -12.985386 -4.546126 -13.573803 -8.8529 -4.734723 -1.941631 -6.238874 -6.037109 -12.020065 -3.951473 -10.460937 -16.051364
GU -5.910226 -5.983385 -6.887625 0.509133 -8.461784 -8.286838 -0.691455 -6.808394 -6.914885 0.982226 -6.238874 3.549136 -1.087985 -5.5989 -2.280634 -4.525869 -16.051364
UA -4.137567 -5.613241 -6.589424 1.187122 -2.286806 -6.920017 2.403317 -5.11147 -6.14381 1.083701 -6.037109 -1.087985 5.095946 -3.089326 0.856733 -3.814381 -16.051364
UC -13.128623 -9.09473 -8.693788 -5.434962 -7.056783 -7.371093 -5.349652 -3.959956 -6.508844 -4.694966 -12.020065 -5.5989 -3.089326 -2.86323 -5.040802 -5.364383 -16.051364
UG -6.051452 -6.902463 -5.761255 -1.001445 -5.874623 -8.784296 1.168412 -7.702046 -7.394017 -0.463393 -3.951473 -2.280634 0.856733 -5.040802 3.50503 -4.456545 -16.051364
UU -9.158454 -7.832609 -11.151924 -2.754718 -7.986556 -5.636253 -4.244953 -5.480616 -12.233368 -4.551268 -10.460937 -4.525869 -3.814381 -5.364383 -4.456545 0.093646 -16.051364
NN -16.051364 -16.051364 -16.051364 -16.051364 -16.051364 -16.051364 -16.051364 -16.051364 -16.051364 -16.051364 -16.051364 -16.051364 -16.051364 -16.051364 -16.051364 -16.051364 -16.051364
