 AA AC AG AU CA CC CG CU GA GC GG GU UA UC UG UU NN
AA -0.778896 -7.78623 -7.0765 -5.845257 -10.852435 -999.0 -7.804927 -13.489767 -7.083258 -6.367023 -9.161006 -8.564513 -6.256762 -14.411105 -8.422844 -11.282393 -999.0
AC -7.78623 -0.02204 -9.352032 -4.621034 -11.427844 -8.224001 -8.067433 -12.215757 -15.508867 -3.428057 -12.453952 -7.25426 -9.027791 -8.898238 -9.836022 -10.762365 -999.0
AG -7.0765 -9.352032 -0.554514 -6.637772 -11.382299 -14.491488 -6.215808 -13.085242 -10.11281 -8.258099 -6.920839 -9.369729 -7.679749 -12.159242 -6.828587 -11.135733 -999.0
AU -5.845257 -4.621034 -6.637772 5.053421 -9.115264 -10.168412 -1.81588 -6.256129 -9.863163 0.175509 -7.579007 -1.148725 -2.027223 -7.966241 -4.231672 -4.683502 -999.0
CA -10.852435 -11.427844 -11.382299 -9.115264 -2.035352 -10.230912 -4.139508 -9.296025 -10.543067 -7.824048 -7.092588 -9.424066 -3.960444 -11.120708 -7.507866 -10.946554 -999.0
CC -999.0 -8.224001 -14.491488 -10.168412 -10.230912 -0.471126 -5.211991 -6.059103 -13.359354 -4.040556 -12.469516 -9.050501 -9.241281 -9.5361 -9.633549 -7.827144 -999.0
CG -7.804927 -8.067433 -6.215808 -1.81588 -4.139508 -5.211991 6.151453 -5.202847 -8.603605 -0.967595 -5.258114 -3.194048 0.039039 -7.483428 -0.02641 -6.097108 -999.0
CU -13.489767 -12.215757 -13.085242 -6.256129 -9.296025 -6.059103 -5.202847 -0.893395 -13.004518 -6.854689 -12.155307 -6.513275 -8.428375 -6.939113 -8.312077 -7.701749 -999.0
GA -7.083258 -15.508867 -10.11281 -9.863163 -10.543067 -13.359354 -8.603605 -13.004518 -0.631377 -5.776462 -8.966367 -6.754976 -6.750146 -16.40717 -11.070458 -14.415961 -999.0
GC -6.367023 -3.428057 -8.258099 0.175509 -7.824048 -4.040556 -0.967595 -6.854689 -5.776462 6.250926 -4.488505 -0.024607 -2.372317 -4.895427 -3.185934 -6.23631 -999.0
GG -9.161006 -12.453952 -6.920839 -7.579007 -7.092588 -12.469516 -5.258114 -12.155307 -8.966367 -4.488505 -1.415962 -5.972796 -8.820043 -11.516905 -5.550251 -12.067931 -999.0
GU -8.564513 -7.25426 -9.369729 -1.148725 -9.424066 -9.050501 -3.194048 -6.513275 -6.754976 -0.024607 -5.972796 3.866703 -4.306206 -6.928897 -4.579528 -6.11148 -999.0
UA -6.256762 -9.027791 -7.679749 -2.027223 -3.960444 -9.241281 0.039039 -8.428375 -6.750146 -2.372317 -8.820043 -4.306206 5.211365 -5.334803 -1.350605 -5.047074 -999.0
UC -14.411105 -8.898238 -12.159242 -7.966241 -11.120708 -9.5361 -7.483428 -6.939113 -16.40717 -4.895427 -11.516905 -6.928897 -5.334803 -0.95035 -6.260291 -5.681007 -999.0
UG -8.422844 -9.836022 -6.828587 -4.231672 -7.507866 -9.633549 -0.02641 -8.312077 -11.070458 -3.185934 -5.550251 -4.579528 -1.350605 -6.260291 3.812385 -6.485754 -999.0
UU -11.282393 -10.762365 -11.135733 -4.683502 -10.946554 -7.827144 -6.097108 -7.701749 -14.415961 -6.23631 -12.067931 -6.11148 -5.047074 -5.681007 -6.485754 0.327143 -999.0
NN -999.0 -999.0 -999.0 -999.0 -999.0 -999.0 -999.0 -999.0 -999.0 -999.0 -999.0 -999.0 -999.0 -999.0 -999.0 -999.0 -999.0
