 AA AC AG AU CA CC CG CU GA GC GG GU UA UC UG UU NN
AA -1.353701 -8.203103 -8.569072 -5.128036 -10.169731 -14.242433 -4.607151 -12.265384 -6.612981 -5.187012 -10.398087 -6.737201 -3.881141 -12.564474 -6.835454 -8.200409 -15.040383
AC -8.203103 -0.746689 -9.262809 -1.883138 -10.000712 -8.319686 -5.6517 -10.13869 -10.021676 -3.438957 -11.77973 -5.783174 -5.233095 -8.766847 -7.861221 -7.931402 -15.040383
AG -8.569072 -9.262809 -0.648428 -4.861519 -11.14401 -15.040383 -4.526206 -9.224646 -9.062735 -6.284113 -4.495587 -4.7793 -6.142181 -8.803623 -5.649153 -10.634464 -15.040383
AU -5.128036 -1.883138 -4.861519 4.632203 -6.25761 -6.303622 1.225871 -5.847035 -6.532232 2.408784 -6.404804 0.392819 1.183168 -5.283763 -1.105482 -2.779305 -15.040383
CA -10.169731 -10.000712 -11.14401 -6.25761 -3.911475 -10.896978 -2.923447 -7.664594 -8.509196 -5.711866 -11.221628 -8.538594 -2.305388 -7.850961 -5.656555 -7.179499 -15.040383
CC -14.242433 -8.319686 -15.040383 -6.303622 -10.896978 -1.16545 -5.168036 -5.695584 -11.610678 -2.732759 -11.422877 -7.183031 -7.226495 -7.934633 -8.651119 -3.779216 -15.040383
CG -4.607151 -5.6517 -4.526206 1.225871 -2.923447 -5.168036 5.662172 -4.174922 -6.794678 1.713925 -4.619025 -0.608388 2.454537 -4.942334 1.117583 -3.070264 -15.040383
CU -12.265384 -10.13869 -9.224646 -5.847035 -7.664594 -5.695584 -4.174922 -0.984117 -7.139153 -6.36204 -13.319887 -6.103926 -4.513499 -4.600535 -4.885306 -4.605371 -15.040383
GA -6.612981 -10.021676 -9.062735 -6.532232 -8.509196 -11.610678 -6.794678 -7.139153 -0.643222 -5.049081 -9.571993 -5.851955 -6.179392 -6.928047 -7.867173 -12.428539 -15.040383
GC -5.187012 -3.438957 -6.284113 2.408784 -5.711866 -2.732759 1.713925 -6.36204 -5.049081 5.843324 -4.78435 1.26587 1.102151 -4.889106 -0.487224 -3.649577 -15.040383
GG -10.398087 -11.77973 -4.495587 -6.404804 -11.221628 -11.422877 -4.619025 -13.319887 -9.571993 -4.78435 -2.152475 -5.301888 -6.309484 -12.028834 -4.125762 -12.119739 -15.040383
GU -6.737201 -5.783174 -4.7793 0.392819 -8.538594 -7.183031 -0.608388 -6.103926 -5.851955 1.26587 -5.301888 3.481202 -0.957246 -4.837699 -2.143625 -3.701326 -15.040383
UA -3.881141 -5.233095 -6.142181 1.183168 -2.305388 -7.226495 2.454537 -4.513499 -6.179392 1.102151 -6.309484 -0.957246 4.898658 -3.633256 0.835426 -3.318968 -15.040383
UC -12.564474 -8.766847 -8.803623 -5.283763 -7.850961 -7.934633 -4.942334 -4.600535 -6.928047 -4.889106 -12.028834 -4.837699 -3.633256 -3.712512 -5.638194 -5.222705 -15.040383
UG -6.835454 -7.861221 -5.649153 -1.105482 -5.656555 -8.651119 1.117583 -4.885306 -7.867173 -0.487224 -4.125762 -2.143625 0.835426 -5.638194 3.464634 -3.538954 -15.040383
UU -8.200409 -7.931402 -10.634464 -2.779305 -7.179499 -3.779216 -3.070264 -4.605371 -12.428539 -3.649577 -12.119739 -3.701326 -3.318968 -5.222705 -3.538954 -0.462609 -15.040383
NN -15.040383 -15.040383 -15.040383 -15.040383 -15.040383 -15.040383 -15.040383 -15.040383 -15.040383 -15.040383 -15.040383 -15.040383 -15.040383 -15.040383 -15.040383 -15.040383 -15.040383
