 AA AC AG AU CA CC CG CU GA GC GG GU UA UC UG UU NN
AA -0.965161 -8.96414 -9.573963 -8.855208 -999.0 -999.0 -12.349546 -13.543069 -9.004274 -9.376379 -10.699538 -12.682761 -9.64998 -999.0 -11.647273 -999.0 -999.0
AC -8.96414 0.223549 -10.756611 -5.52573 -15.056619 -9.853998 -12.478983 -999.0 -999.0 -3.116929 -12.22983 -9.64125 -12.905539 -9.467883 -12.154858 -13.097808 -999.0
AG -9.573963 -10.756611 -0.646617 -8.920802 -12.640761 -999.0 -5.250261 -999.0 -10.723624 -11.087665 -10.08262 -13.206055 -9.215947 -12.517428 -6.803994 -14.451883 -999.0
AU -8.855208 -5.52573 -8.920802 4.981039 -11.400904 -12.886659 -4.465218 -7.823074 -14.349603 -2.252041 -9.977862 -2.567653 -4.188073 -9.523326 -6.751193 -7.079688 -999.0
CA -999.0 -15.056619 -12.640761 -11.400904 -0.777925 -10.626005 -5.576751 -13.501884 -14.016714 -11.845589 -10.636991 -13.739821 -6.142761 -10.611358 -10.216868 -12.834774 -999.0
CC -999.0 -9.853998 -999.0 -12.886659 -10.626005 0.263614 -6.851258 -6.243131 -13.253371 -4.027309 -15.44195 -11.37424 -10.411553 -10.502673 -12.038243 -999.0 -999.0
CG -12.349546 -12.478983 -5.250261 -4.465218 -5.576751 -6.851258 6.392337 -6.773876 -10.237584 -3.247265 -5.521694 -5.436172 -2.257699 -10.073462 -1.282319 -9.482597 -999.0
CU -13.543069 -999.0 -999.0 -7.823074 -13.501884 -6.243131 -6.773876 -0.953636 -12.739821 -7.035015 -14.106498 -8.470055 -6.539348 -10.375871 -9.923899 -9.333992 -999.0
GA -9.004274 -999.0 -10.723624 -14.349603 -14.016714 -13.253371 -10.237584 -12.739821 -0.397137 -5.916847 -10.656297 -7.845255 -7.580833 -999.0 -12.168203 -999.0 -999.0
GC -9.376379 -3.116929 -11.087665 -2.252041 -11.845589 -4.027309 -3.247265 -7.035015 -5.916847 6.589701 -4.159005 -1.427298 -4.44091 -6.014253 -5.109881 -9.069236 -999.0
GG -10.699538 -12.22983 -10.08262 -9.977862 -10.636991 -15.44195 -5.521694 -14.106498 -10.656297 -4.159005 -0.83237 -7.318272 -16.538182 -999.0 -6.876566 -15.592947 -999.0
GU -12.682761 -9.64125 -13.206055 -2.567653 -13.739821 -11.37424 -5.436172 -8.470055 -7.845255 -1.427298 -7.318272 3.988391 -7.001829 -11.501011 -7.28251 -8.822356 -999.0
UA -9.64998 -12.905539 -9.215947 -4.188073 -6.142761 -10.411553 -2.257699 -6.539348 -7.580833 -4.44091 -16.538182 -7.001829 5.093921 -5.333169 -2.945946 -6.65061 -999.0
UC -999.0 -9.467883 -12.517428 -9.523326 -10.611358 -10.502673 -10.073462 -10.375871 -999.0 -6.014253 -999.0 -11.501011 -5.333169 -0.307892 -6.638005 -6.937198 -999.0
UG -11.647273 -12.154858 -6.803994 -6.751193 -10.216868 -12.038243 -1.282319 -9.923899 -12.168203 -5.109881 -6.876566 -7.28251 -2.945946 -6.638005 3.963976 -6.616457 -999.0
UU -999.0 -13.097808 -14.451883 -7.079688 -12.834774 -999.0 -9.482597 -9.333992 -999.0 -9.069236 -15.592947 -8.822356 -6.65061 -6.937198 -6.616457 0.431565 -999.0
NN -999.0 -999.0 -999.0 -999.0 -999.0 -999.0 -999.0 -999.0 -999.0 -999.0 -999.0 -999.0 -999.0 -999.0 -999.0 -999.0 -999.0
