 AA AC AG AU CA CC CG CU GA GC GG GU UA UC UG UU NN
AA -1.714929 -8.181625 -8.044796 -4.748711 -10.028235 -14.292346 -5.248001 -12.103329 -5.987669 -4.742498 -9.964339 -6.377158 -4.756813 -12.103329 -6.340863 -8.495583 -14.982637
AC -8.181625 -1.737466 -9.213933 -2.107994 -10.011575 -9.204563 -5.927524 -11.183427 -10.247034 -3.817838 -12.654202 -5.97896 -6.091205 -8.841312 -7.723004 -7.985778 -14.982637
AG -8.044796 -9.213933 -0.601984 -6.013698 -10.699431 -14.982637 -4.934873 -8.755168 -9.297385 -6.446439 -5.500049 -6.943409 -6.694972 -8.158248 -5.728817 -10.526021 -14.982637
AU -4.748711 -2.107994 -6.013698 4.665747 -6.250818 -7.15589 1.387977 -5.85424 -6.359432 2.500311 -6.341514 0.40917 1.325091 -5.609118 -0.78454 -3.106508 -14.982637
CA -10.028235 -10.011575 -10.699431 -6.250818 -5.458737 -11.5095 -3.926915 -7.542547 -8.683336 -6.252884 -11.668253 -8.550276 -2.635356 -7.346478 -6.285676 -8.235903 -14.982637
CC -14.292346 -9.204563 -14.982637 -7.15589 -11.5095 -2.606709 -5.401433 -6.201518 -13.843086 -4.138265 -12.318679 -8.290259 -7.465771 -8.490261 -9.008501 -6.32453 -14.982637
CG -5.248001 -5.927524 -4.934873 1.387977 -3.926915 -5.401433 5.471307 -4.917487 -6.677052 1.692163 -4.512635 -0.672083 2.492904 -4.640508 1.123838 -4.05785 -14.982637
CU -12.103329 -11.183427 -8.755168 -5.85424 -7.542547 -6.201518 -4.917487 -1.691499 -6.444207 -6.317532 -13.440704 -6.550203 -4.323024 -3.9881 -8.00425 -4.659102 -14.982637
GA -5.987669 -10.247034 -9.297385 -6.359432 -8.683336 -13.843086 -6.677052 -6.444207 -0.916551 -5.515245 -9.743083 -6.725526 -6.100166 -6.247877 -7.668746 -11.774451 -14.982637
GC -4.742498 -3.817838 -6.446439 2.500311 -6.252884 -4.138265 1.692163 -6.317532 -5.515245 5.672161 -4.92457 0.98485 1.198358 -4.964388 -0.274275 -4.481781 -14.982637
GG -9.964339 -12.654202 -5.500049 -6.341514 -11.668253 -12.318679 -4.512635 -13.440704 -9.743083 -4.92457 -2.099431 -5.86102 -6.352595 -11.853567 -4.119263 -11.766969 -14.982637
GU -6.377158 -5.97896 -6.943409 0.40917 -8.550276 -8.290259 -0.672083 -6.550203 -6.725526 0.98485 -5.86102 3.591529 -0.945833 -5.508836 -2.160683 -5.120925 -14.982637
UA -4.756813 -6.091205 -6.694972 1.325091 -2.635356 -7.465771 2.492904 -4.323024 -6.100166 1.198358 -6.352595 -0.945833 5.087089 -2.984346 0.943652 -3.791517 -14.982637
UC -12.103329 -8.841312 -8.158248 -5.609118 -7.346478 -8.490261 -4.640508 -3.9881 -6.247877 -4.964388 -11.853567 -5.508836 -2.984346 -3.302729 -5.109314 -5.086124 -14.982637
UG -6.340863 -7.723004 -5.728817 -0.78454 -6.285676 -9.008501 1.123838 -8.00425 -7.668746 -0.274275 -4.119263 -2.160683 0.943652 -5.109314 3.473315 -4.584011 -14.982637
UU -8.495583 -7.985778 -10.526021 -3.106508 -8.235903 -6.32453 -4.05785 -4.659102 -11.774451 -4.481781 -11.766969 -5.120925 -3.791517 -5.086124 -4.584011 0.159015 -14.982637
NN -14.982637 -14.982637 -14.982637 -14.982637 -14.982637 -14.982637 -14.982637 -14.982637 -14.982637 -14.982637 -14.982637 -14.982637 -14.982637 -14.982637 -14.982637 -14.982637 -14.982637
