 AA AC AG AU CA CC CG CU GA GC GG GU UA UC UG UU NN
AA -1.244797 -8.379074 -8.167968 -5.074021 -10.322087 -13.732383 -5.561516 -11.859706 -5.755497 -4.734509 -10.32499 -6.463548 -4.764667 -13.095166 -6.209763 -8.261559 -14.706203
AC -8.379074 -1.306702 -9.005696 -2.190853 -10.121971 -8.683208 -5.714094 -11.175248 -10.544006 -3.79172 -12.680074 -6.020963 -6.265288 -8.805924 -7.563468 -7.83516 -14.706203
AG -8.167968 -9.005696 -0.57625 -6.052019 -11.066254 -14.706203 -4.787599 -8.830837 -9.365927 -6.515494 -5.213717 -7.010717 -6.720464 -8.113401 -5.499893 -10.655012 -14.706203
AU -5.074021 -2.190853 -6.052019 4.796915 -6.527505 -7.386522 1.124394 -5.891903 -7.09412 2.278823 -6.77613 0.349802 1.004282 -5.854194 -1.137752 -2.948417 -14.706203
CA -10.322087 -10.121971 -11.066254 -6.527505 -4.996881 -11.250053 -3.749247 -7.699903 -8.661854 -6.170089 -11.53232 -8.519339 -2.583502 -7.68516 -6.320071 -7.910291 -14.706203
CC -13.732383 -8.683208 -14.706203 -7.386522 -11.250053 -2.059856 -5.168241 -6.53194 -13.454829 -4.01963 -12.44741 -8.194804 -7.494042 -8.519501 -8.93342 -6.372821 -14.706203
CG -5.561516 -5.714094 -4.787599 1.124394 -3.749247 -5.168241 5.53844 -4.94248 -6.904818 1.520516 -4.440375 -0.951658 2.273173 -4.72352 1.052028 -3.959629 -14.706203
CU -11.859706 -11.175248 -8.830837 -5.891903 -7.699903 -6.53194 -4.94248 -1.389168 -6.413757 -6.642158 -12.99957 -6.779128 -4.634786 -4.358848 -7.916337 -4.641883 -14.706203
GA -5.755497 -10.544006 -9.365927 -7.09412 -8.661854 -13.454829 -6.904818 -6.413757 -0.829575 -5.597139 -9.836313 -6.637375 -5.822357 -6.25813 -7.63319 -11.600981 -14.706203
GC -4.734509 -3.79172 -6.515494 2.278823 -6.170089 -4.01963 1.520516 -6.642158 -5.597139 5.712248 -5.203433 0.917578 0.885641 -4.81974 -0.517011 -4.483046 -14.706203
GG -10.32499 -12.680074 -5.213717 -6.77613 -11.53232 -12.44741 -4.440375 -12.99957 -9.836313 -5.203433 -2.160478 -6.077771 -6.631491 -11.825706 -4.183203 -11.709187 -14.706203
GU -6.463548 -6.020963 -7.010717 0.349802 -8.519339 -8.194804 -0.951658 -6.779128 -6.637375 0.917578 -6.077771 3.627834 -1.321071 -5.231394 -2.327804 -5.049924 -14.706203
UA -4.764667 -6.265288 -6.720464 1.004282 -2.583502 -7.494042 2.273173 -4.634786 -5.822357 0.885641 -6.631491 -1.321071 5.134113 -3.106317 0.719052 -3.895064 -14.706203
UC -13.095166 -8.805924 -8.113401 -5.854194 -7.68516 -8.519501 -4.72352 -4.358848 -6.25813 -4.81974 -11.825706 -5.231394 -3.106317 -3.182982 -5.444693 -4.771774 -14.706203
UG -6.209763 -7.563468 -5.499893 -1.137752 -6.320071 -8.93342 1.052028 -7.916337 -7.63319 -0.517011 -4.183203 -2.327804 0.719052 -5.444693 3.545746 -4.476252 -14.706203
UU -8.261559 -7.83516 -10.655012 -2.948417 -7.910291 -6.372821 -3.959629 -4.641883 -11.600981 -4.483046 -11.709187 -5.049924 -3.895064 -4.771774 -4.476252 0.175916 -14.706203
NN -14.706203 -14.706203 -14.706203 -14.706203 -14.706203 -14.706203 -14.706203 -14.706203 -14.706203 -14.706203 -14.706203 -14.706203 -14.706203 -14.706203 -14.706203 -14.706203 -14.706203
