 AA AC AG AU CA CC CG CU GA GC GG GU UA UC UG UU NN
AA -3.336011 -7.479887 -8.645842 -4.561229 -9.55121 -12.85462 -3.691515 -12.507985 -7.489497 -5.210365 -8.738738 -5.984892 -2.640255 -11.709416 -3.790514 -8.650417 -14.403842
AC -7.479887 -2.086564 -9.409564 -1.642723 -10.017773 -8.787358 -5.060355 -10.065624 -7.556898 -2.847648 -10.112893 -4.461127 -4.767344 -8.843687 -6.73658 -8.252332 -14.403842
AG -8.645842 -9.409564 -1.492998 -5.336529 -10.425022 -14.403842 -2.519763 -9.180123 -8.796065 -5.616554 -4.552257 -6.830218 -2.82892 -8.114407 -5.849175 -9.727053 -14.403842
AU -4.561229 -1.642723 -5.336529 4.092598 -5.248839 -2.732965 2.151128 -3.965454 -3.749705 2.98785 -4.560141 0.78604 1.95456 -4.163575 -0.247761 -2.422127 -14.403842
CA -9.55121 -10.017773 -10.425022 -5.248839 -5.858155 -10.621929 -2.823724 -8.778738 -7.277255 -5.028603 -11.279838 -6.062977 -2.651853 -7.660779 -5.84162 -9.057303 -14.403842
CC -12.85462 -8.787358 -14.403842 -2.732965 -10.621929 -4.288995 -4.830902 -6.352409 -11.33277 -3.339795 -11.364002 -6.747871 -5.768164 -8.028936 -7.673786 -6.049247 -14.403842
CG -3.691515 -5.060355 -2.519763 2.151128 -2.823724 -4.830902 5.197451 -4.487128 -5.317133 2.91102 -4.549141 0.351845 3.056952 -4.344851 1.336149 -3.023745 -14.403842
CU -12.507985 -10.065624 -9.180123 -3.965454 -8.778738 -6.352409 -4.487128 -3.095137 -8.266648 -2.279501 -9.348263 -4.487533 -4.496962 -4.619926 -6.415388 -5.985142 -14.403842
GA -7.489497 -7.556898 -8.796065 -3.749705 -7.277255 -11.33277 -5.317133 -8.266648 -1.764588 -2.585994 -8.652854 -6.128515 -4.675957 -7.289477 -7.595251 -10.231812 -14.403842
GC -5.210365 -2.847648 -5.616554 2.98785 -5.028603 -3.339795 2.91102 -2.279501 -2.585994 5.505274 -4.175161 1.507514 2.122179 -3.8108 0.437621 -2.710181 -14.403842
GG -8.738738 -10.112893 -4.552257 -4.560141 -11.279838 -11.364002 -4.549141 -9.348263 -8.652854 -4.175161 -2.069889 -5.473919 -5.775881 -10.401375 -4.361893 -5.423031 -14.403842
GU -5.984892 -4.461127 -6.830218 0.78604 -6.062977 -6.747871 0.351845 -4.487533 -6.128515 1.507514 -5.473919 3.231914 0.119498 -4.729903 -1.302508 -2.815999 -14.403842
UA -2.640255 -4.767344 -2.82892 1.95456 -2.651853 -5.768164 3.056952 -4.496962 -4.675957 2.122179 -5.775881 0.119498 4.607176 -3.405566 1.112872 -1.703529 -14.403842
UC -11.709416 -8.843687 -8.114407 -4.163575 -7.660779 -8.028936 -4.344851 -4.619926 -7.289477 -3.8108 -10.401375 -4.729903 -3.405566 -4.005028 -4.215727 -6.813608 -14.403842
UG -3.790514 -6.73658 -5.849175 -0.247761 -5.84162 -7.673786 1.336149 -6.415388 -7.595251 0.437621 -4.361893 -1.302508 1.112872 -4.215727 3.110024 -3.636841 -14.403842
UU -8.650417 -8.252332 -9.727053 -2.422127 -9.057303 -6.049247 -3.023745 -5.985142 -10.231812 -2.710181 -5.423031 -2.815999 -1.703529 -6.813608 -3.636841 -0.922102 -14.403842
NN -14.403842 -14.403842 -14.403842 -14.403842 -14.403842 -14.403842 -14.403842 -14.403842 -14.403842 -14.403842 -14.403842 -14.403842 -14.403842 -14.403842 -14.403842 -14.403842 -14.403842
