 AA AC AG AU CA CC CG CU GA GC GG GU UA UC UG UU NN
AA -4.440444 -6.432863 -10.868735 -4.119562 -12.168426 -11.950109 -3.905838 -13.073926 -9.165731 -4.926703 -11.59934 -4.784454 -3.644415 -13.407812 -4.5734 -10.996617 -14.516718
AC -6.432863 -2.441386 -10.689518 -1.970231 -11.800114 -8.029726 -4.285368 -10.396599 -8.820906 -1.967319 -8.962697 -5.542594 -4.076329 -10.062006 -5.604326 -8.770636 -14.516718
AG -10.868735 -10.689518 -2.937305 -5.252578 -11.592866 -14.516718 -1.867364 -11.246295 -8.802207 -5.225205 -4.798915 -8.461291 -2.623069 -10.112946 -5.997558 -7.171876 -14.516718
AU -4.119562 -1.970231 -5.252578 3.571906 -5.289527 -2.016203 2.557433 -4.145627 -4.021371 3.448159 -4.777001 0.943444 2.074377 -4.381886 0.016497 -3.143007 -14.516718
CA -12.168426 -11.800114 -11.592866 -5.289527 -7.021482 -8.559672 -3.019689 -8.744816 -9.155955 -3.950713 -10.836569 -5.716527 -3.12654 -8.47996 -6.894273 -10.559377 -14.516718
CC -11.950109 -8.029726 -14.516718 -2.016203 -8.559672 -3.519599 -2.979001 -5.491813 -10.541821 -2.534325 -10.792738 -4.881607 -3.52943 -7.623545 -5.451902 -5.063367 -14.516718
CG -3.905838 -4.285368 -1.867364 2.557433 -3.019689 -2.979001 5.439539 -3.848048 -4.367994 3.317214 -3.883599 0.621801 3.52759 -3.859302 1.562794 -3.323008 -14.516718
CU -13.073926 -10.396599 -11.246295 -4.145627 -8.744816 -5.491813 -3.848048 -4.25437 -9.475855 -2.875315 -10.473227 -4.833123 -2.928581 -6.847955 -5.089094 -7.252998 -14.516718
GA -9.165731 -8.820906 -8.802207 -4.021371 -9.155955 -10.541821 -4.367994 -9.475855 -3.214315 -2.370376 -10.703202 -5.875878 -3.560292 -9.273516 -8.647811 -12.175355 -14.516718
GC -4.926703 -1.967319 -5.225205 3.448159 -3.950713 -2.534325 3.317214 -2.875315 -2.370376 5.801432 -3.325058 1.938737 2.761355 -3.540946 0.662366 -2.565707 -14.516718
GG -11.59934 -8.962697 -4.798915 -4.777001 -10.836569 -10.792738 -3.883599 -10.473227 -10.703202 -3.325058 -2.607964 -5.019054 -4.922551 -11.23972 -4.334206 -6.980241 -14.516718
GU -4.784454 -5.542594 -8.461291 0.943444 -5.716527 -4.881607 0.621801 -4.833123 -5.875878 1.938737 -5.019054 2.896057 0.44104 -5.022665 -1.196386 -4.348603 -14.516718
UA -3.644415 -4.076329 -2.623069 2.074377 -3.12654 -3.52943 3.52759 -2.928581 -3.560292 2.761355 -4.922551 0.44104 3.969281 -3.380548 1.096293 -1.98176 -14.516718
UC -13.407812 -10.062006 -10.112946 -4.381886 -8.47996 -7.623545 -3.859302 -6.847955 -9.273516 -3.540946 -11.23972 -5.022665 -3.380548 -6.252039 -3.384092 -7.808186 -14.516718
UG -4.5734 -5.604326 -5.997558 0.016497 -6.894273 -5.451902 1.562794 -5.089094 -8.647811 0.662366 -4.334206 -1.196386 1.096293 -3.384092 2.590548 -2.499494 -14.516718
UU -10.996617 -8.770636 -7.171876 -3.143007 -10.559377 -5.063367 -3.323008 -7.252998 -12.175355 -2.565707 -6.980241 -4.348603 -1.98176 -7.808186 -2.499494 -1.866906 -14.516718
NN -14.516718 -14.516718 -14.516718 -14.516718 -14.516718 -14.516718 -14.516718 -14.516718 -14.516718 -14.516718 -14.516718 -14.516718 -14.516718 -14.516718 -14.516718 -14.516718 -14.516718
