 AA AC AG AU CA CC CG CU GA GC GG GU UA UC UG UU NN
AA -2.604645 -8.470563 -8.822189 -5.075545 -10.056671 -13.442368 -3.871417 -12.105264 -6.625421 -5.21995 -9.69168 -6.49639 -2.48501 -12.263343 -3.546296 -8.867475 -15.13672
AC -8.470563 -1.85357 -9.59462 -1.654552 -10.552723 -8.854252 -5.438003 -10.682421 -7.17025 -2.695725 -10.383497 -4.924699 -5.590836 -8.87773 -7.166265 -8.385429 -15.13672
AG -8.822189 -9.59462 -1.327118 -6.067763 -10.646974 -15.13672 -2.572185 -9.357424 -9.390651 -6.29082 -4.223349 -7.125769 -2.822798 -8.011171 -5.829573 -9.76204 -15.13672
AU -5.075545 -1.654552 -6.067763 4.252767 -5.774248 -2.374419 2.030624 -4.179064 -3.792122 2.87608 -4.930131 0.745252 1.87854 -4.540962 -0.392702 -2.456123 -15.13672
CA -10.056671 -10.552723 -10.646974 -5.774248 -6.205123 -11.693921 -3.240493 -8.325364 -7.764439 -5.395295 -11.479506 -6.201344 -2.907659 -8.030163 -6.206307 -8.850458 -15.13672
CC -13.442368 -8.854252 -15.13672 -2.374419 -11.693921 -3.456602 -5.067212 -6.862516 -12.895778 -3.754027 -12.063889 -7.102632 -6.465319 -8.946997 -8.303615 -6.641057 -15.13672
CG -3.871417 -5.438003 -2.572185 2.030624 -3.240493 -5.067212 5.222069 -4.386954 -6.029141 2.801056 -4.707853 0.251253 2.926758 -4.345131 1.189462 -3.008435 -15.13672
CU -12.105264 -10.682421 -9.357424 -4.179064 -8.325364 -6.862516 -4.386954 -2.559931 -7.141504 -2.20469 -9.136017 -4.410597 -4.327115 -4.669281 -6.470759 -5.429174 -15.13672
GA -6.625421 -7.17025 -9.390651 -3.792122 -7.764439 -12.895778 -6.029141 -7.141504 -1.623429 -2.569771 -9.906732 -6.189448 -4.869013 -6.980707 -7.672941 -10.145796 -15.13672
GC -5.21995 -2.695725 -6.29082 2.87608 -5.395295 -3.754027 2.801056 -2.20469 -2.569771 5.489061 -4.774241 1.424712 1.889057 -4.161804 0.327564 -3.034762 -15.13672
GG -9.69168 -10.383497 -4.223349 -4.930131 -11.479506 -12.063889 -4.707853 -9.136017 -9.906732 -4.774241 -2.305253 -5.534224 -6.32065 -10.568347 -4.34161 -5.019912 -15.13672
GU -6.49639 -4.924699 -7.125769 0.745252 -6.201344 -7.102632 0.251253 -4.410597 -6.189448 1.424712 -5.534224 3.320225 0.064069 -4.611892 -1.261343 -2.575165 -15.13672
UA -2.48501 -5.590836 -2.822798 1.87854 -2.907659 -6.465319 2.926758 -4.327115 -4.869013 1.889057 -6.32065 0.064069 4.723641 -3.529918 1.043982 -1.581614 -15.13672
UC -12.263343 -8.87773 -8.011171 -4.540962 -8.030163 -8.946997 -4.345131 -4.669281 -6.980707 -4.161804 -10.568347 -4.611892 -3.529918 -4.138184 -4.199517 -5.904415 -15.13672
UG -3.546296 -7.166265 -5.829573 -0.392702 -6.206307 -8.303615 1.189462 -6.470759 -7.672941 0.327564 -4.34161 -1.261343 1.043982 -4.199517 3.189382 -3.644739 -15.13672
UU -8.867475 -8.385429 -9.76204 -2.456123 -8.850458 -6.641057 -3.008435 -5.429174 -10.145796 -3.034762 -5.019912 -2.575165 -1.581614 -5.904415 -3.644739 -0.715714 -15.13672
NN -15.13672 -15.13672 -15.13672 -15.13672 -15.13672 -15.13672 -15.13672 -15.13672 -15.13672 -15.13672 -15.13672 -15.13672 -15.13672 -15.13672 -15.13672 -15.13672 -15.13672
