 AA AC AG AU CA CC CG CU GA GC GG GU UA UC UG UU NN
AA -3.580115 -6.486111 -9.387212 -4.437522 -10.176005 -13.003474 -3.633356 -12.277128 -7.51855 -5.309456 -8.50819 -5.790474 -3.011052 -12.449989 -3.84984 -8.841189 -13.61691
AC -6.486111 -1.757667 -9.657895 -1.634401 -9.695681 -7.719053 -4.842012 -9.700664 -7.022367 -2.929125 -9.839825 -3.998798 -3.99548 -8.54725 -6.202098 -8.157489 -13.61691
AG -9.387212 -9.657895 -1.915263 -4.933966 -10.329787 -13.61691 -2.218998 -10.81726 -8.172385 -4.987405 -4.451103 -6.618991 -2.707506 -9.178222 -5.633005 -8.572692 -13.61691
AU -4.437522 -1.634401 -4.933966 3.971498 -4.978658 -2.749986 2.262528 -3.561026 -3.703999 3.103906 -4.517583 0.872568 2.007361 -3.853851 -0.144228 -2.455066 -13.61691
CA -10.176005 -9.695681 -10.329787 -4.978658 -5.733642 -9.756881 -2.602292 -8.323622 -6.870999 -4.407942 -10.396263 -5.486429 -2.836828 -7.544903 -5.757209 -9.013451 -13.61691
CC -13.003474 -7.719053 -13.61691 -2.749986 -9.756881 -3.987848 -4.076502 -5.564749 -10.364143 -2.849125 -10.788318 -5.869385 -4.812696 -7.270847 -6.608877 -5.29253 -13.61691
CG -3.633356 -4.842012 -2.218998 2.262528 -2.602292 -4.076502 5.189928 -4.321154 -4.520637 3.011653 -4.320062 0.45054 3.139448 -4.281336 1.459433 -2.647939 -13.61691
CU -12.277128 -9.700664 -10.81726 -3.561026 -8.323622 -5.564749 -4.321154 -3.331765 -8.122765 -2.43841 -8.330932 -4.218852 -3.988062 -4.971872 -5.731374 -5.873185 -13.61691
GA -7.51855 -7.022367 -8.172385 -3.703999 -6.870999 -10.364143 -4.520637 -8.122765 -1.944786 -2.436704 -8.339517 -5.342897 -4.093275 -7.563938 -6.911634 -9.41256 -13.61691
GC -5.309456 -2.929125 -4.987405 3.103906 -4.407942 -2.849125 3.011653 -2.43841 -2.436704 5.506344 -3.769829 1.676974 2.31165 -3.738995 0.622941 -2.490859 -13.61691
GG -8.50819 -9.839825 -4.451103 -4.517583 -10.396263 -10.788318 -4.320062 -8.330932 -8.339517 -3.769829 -2.24835 -5.16975 -5.313497 -10.297236 -4.361472 -5.947189 -13.61691
GU -5.790474 -3.998798 -6.618991 0.872568 -5.486429 -5.869385 0.45054 -4.218852 -5.342897 1.676974 -5.16975 3.115852 0.202312 -4.712813 -1.205612 -3.006674 -13.61691
UA -3.011052 -3.99548 -2.707506 2.007361 -2.836828 -4.812696 3.139448 -3.988062 -4.093275 2.31165 -5.313497 0.202312 4.447657 -3.397649 1.209215 -1.712184 -13.61691
UC -12.449989 -8.54725 -9.178222 -3.853851 -7.544903 -7.270847 -4.281336 -4.971872 -7.563938 -3.738995 -10.297236 -4.712813 -3.397649 -4.700573 -3.962276 -6.931401 -13.61691
UG -3.84984 -6.202098 -5.633005 -0.144228 -5.757209 -6.608877 1.459433 -5.731374 -6.911634 0.622941 -4.361472 -1.205612 1.209215 -3.962276 2.988177 -3.177788 -13.61691
UU -8.841189 -8.157489 -8.572692 -2.455066 -9.013451 -5.29253 -2.647939 -5.873185 -9.41256 -2.490859 -5.947189 -3.006674 -1.712184 -6.931401 -3.177788 -1.260371 -13.61691
NN -13.61691 -13.61691 -13.61691 -13.61691 -13.61691 -13.61691 -13.61691 -13.61691 -13.61691 -13.61691 -13.61691 -13.61691 -13.61691 -13.61691 -13.61691 -13.61691 -13.61691
