 AA AC AG AU CA CC CG CU GA GC GG GU UA UC UG UU NN
AA -1.355379 -8.068564 -8.176551 -4.750314 -9.649441 -13.913843 -5.177231 -11.501177 -6.21954 -4.843251 -9.719485 -6.464491 -4.646493 -11.942123 -6.501339 -8.248067 -14.618612
AC -8.068564 -1.262171 -9.070283 -2.052084 -9.57061 -8.734867 -5.623703 -10.537011 -10.453916 -3.55829 -12.133513 -5.701117 -5.934213 -8.148996 -7.548272 -7.619356 -14.618612
AG -8.176551 -9.070283 -0.66584 -5.89762 -10.719562 -14.618612 -4.617279 -9.084965 -8.814936 -6.400388 -5.181437 -6.79616 -6.661829 -8.452859 -5.495528 -10.461181 -14.618612
AU -4.750314 -2.052084 -5.89762 4.693308 -6.024965 -6.91277 1.307769 -5.723794 -6.377858 2.438092 -6.060225 0.455017 1.114779 -5.385808 -0.928197 -2.856495 -14.618612
CA -9.649441 -9.57061 -10.719562 -6.024965 -4.907753 -11.069928 -3.576617 -7.610391 -8.542175 -5.946283 -10.963555 -8.338262 -2.412292 -7.404513 -6.138227 -7.929314 -14.618612
CC -13.913843 -8.734867 -14.618612 -6.91277 -11.069928 -2.020775 -5.257644 -5.639995 -13.827469 -3.885301 -11.223635 -7.949182 -7.13571 -7.878478 -8.640774 -5.620845 -14.618612
CG -5.177231 -5.623703 -4.617279 1.307769 -3.576617 -5.257644 5.543297 -4.680776 -6.537639 1.75411 -4.468214 -0.657741 2.42703 -4.61636 1.123424 -3.78797 -14.618612
CU -11.501177 -10.537011 -9.084965 -5.723794 -7.610391 -5.639995 -4.680776 -1.382439 -6.815635 -6.130163 -12.986384 -6.266522 -4.45029 -4.118426 -7.785818 -4.264575 -14.618612
GA -6.21954 -10.453916 -8.814936 -6.377858 -8.542175 -13.827469 -6.537639 -6.815635 -0.796574 -5.304196 -9.288705 -6.593153 -6.150871 -6.58382 -7.644303 -11.9474 -14.618612
GC -4.843251 -3.55829 -6.400388 2.438092 -5.946283 -3.885301 1.75411 -6.130163 -5.304196 5.731972 -4.555001 1.068692 1.135431 -4.610513 -0.332312 -4.124483 -14.618612
GG -9.719485 -12.133513 -5.181437 -6.060225 -10.963555 -11.223635 -4.468214 -12.986384 -9.288705 -4.555001 -2.158679 -5.785748 -6.160702 -11.657268 -3.973087 -11.617002 -14.618612
GU -6.464491 -5.701117 -6.79616 0.455017 -8.338262 -7.949182 -0.657741 -6.266522 -6.593153 1.068692 -5.785748 3.555374 -1.014857 -5.24059 -2.240966 -4.816324 -14.618612
UA -4.646493 -5.934213 -6.661829 1.114779 -2.412292 -7.13571 2.42703 -4.45029 -6.150871 1.135431 -6.160702 -1.014857 5.033695 -3.165536 0.851754 -3.663709 -14.618612
UC -11.942123 -8.148996 -8.452859 -5.385808 -7.404513 -7.878478 -4.61636 -4.118426 -6.58382 -4.610513 -11.657268 -5.24059 -3.165536 -3.37659 -5.261432 -4.809853 -14.618612
UG -6.501339 -7.548272 -5.495528 -0.928197 -6.138227 -8.640774 1.123424 -7.785818 -7.644303 -0.332312 -3.973087 -2.240966 0.851754 -5.261432 3.457809 -4.557959 -14.618612
UU -8.248067 -7.619356 -10.461181 -2.856495 -7.929314 -5.620845 -3.78797 -4.264575 -11.9474 -4.124483 -11.617002 -4.816324 -3.663709 -4.809853 -4.557959 0.003084 -14.618612
NN -14.618612 -14.618612 -14.618612 -14.618612 -14.618612 -14.618612 -14.618612 -14.618612 -14.618612 -14.618612 -14.618612 -14.618612 -14.618612 -14.618612 -14.618612 -14.618612 -14.618612
