 AA AC AG AU CA CC CG CU GA GC GG GU UA UC UG UU NN
AA -4.92814 -10.316356 -10.738764 -3.679079 -11.907946 -14.91913 -4.913481 -14.033177 -8.53898 -4.665454 -11.173159 -6.56478 -3.69429 -14.051371 -4.661265 -11.222538 -16.199863
AC -10.316356 -3.288866 -11.059574 -2.122464 -12.008257 -9.521219 -3.630722 -11.985349 -8.644471 -1.543376 -11.093517 -5.838691 -4.490755 -10.094857 -4.229924 -10.226652 -16.199863
AG -10.738764 -11.059574 -2.815277 -6.44838 -12.1285 -16.199863 -2.475986 -10.861404 -10.894143 -6.165858 -5.293533 -8.36208 -2.176343 -9.50191 -7.153128 -11.61559 -16.199863
AU -3.679079 -2.122464 -6.44838 3.486535 -5.942076 -2.557231 2.697815 -5.060438 -5.033663 3.520862 -5.623686 0.871462 2.046403 -4.666214 0.137618 -3.41757 -16.199863
CA -11.907946 -12.008257 -12.1285 -5.942076 -7.375606 -12.716605 -3.32233 -9.743961 -9.226237 -5.693326 -12.31576 -6.817313 -3.430163 -9.40697 -7.362485 -10.791106 -16.199863
CC -14.91913 -9.521219 -16.199863 -2.557231 -12.716605 -4.029053 -3.219793 -7.878914 -13.920552 -3.773258 -12.670289 -7.547103 -6.076432 -9.991034 -8.965424 -8.146904 -16.199863
CG -4.913481 -3.630722 -2.475986 2.697815 -3.32233 -3.219793 5.594162 -4.54053 -6.157884 3.332297 -4.760682 1.036894 3.510229 -3.850832 1.475895 -3.361124 -16.199863
CU -14.033177 -11.985349 -10.861404 -5.060438 -9.743961 -7.878914 -4.54053 -4.053104 -8.620304 -3.204499 -10.155951 -5.294803 -3.152085 -6.13698 -7.997849 -7.376639 -16.199863
GA -8.53898 -8.644471 -10.894143 -5.033663 -9.226237 -13.920552 -6.157884 -8.620304 -3.111863 -2.454221 -10.869035 -6.206433 -3.205947 -8.449419 -8.698484 -12.112793 -16.199863
GC -4.665454 -1.543376 -6.165858 3.520862 -5.693326 -3.773258 3.332297 -3.204499 -2.454221 5.962149 -3.600378 1.775002 2.813794 -2.779082 0.664354 -3.984695 -16.199863
GG -11.173159 -11.093517 -5.293533 -5.623686 -12.31576 -12.670289 -4.760682 -10.155951 -10.869035 -3.600378 -2.94837 -5.654481 -6.289857 -11.587148 -5.35607 -6.548896 -16.199863
GU -6.56478 -5.838691 -8.36208 0.871462 -6.817313 -7.547103 1.036894 -5.294803 -6.206433 1.775002 -5.654481 2.834875 0.416185 -4.195122 -1.512839 -4.153828 -16.199863
UA -3.69429 -4.490755 -2.176343 2.046403 -3.430163 -6.076432 3.510229 -3.152085 -3.205947 2.813794 -6.289857 0.416185 3.965128 -2.915027 0.832307 -2.020063 -16.199863
UC -14.051371 -10.094857 -9.50191 -4.666214 -9.40697 -9.991034 -3.850832 -6.13698 -8.449419 -2.779082 -11.587148 -4.195122 -2.915027 -5.497933 -3.316183 -7.737513 -16.199863
UG -4.661265 -4.229924 -7.153128 0.137618 -7.362485 -8.965424 1.475895 -7.997849 -8.698484 0.664354 -5.35607 -1.512839 0.832307 -3.316183 2.648278 -3.236237 -16.199863
UU -11.222538 -10.226652 -11.61559 -3.41757 -10.791106 -8.146904 -3.361124 -7.376639 -12.112793 -3.984695 -6.548896 -4.153828 -2.020063 -7.737513 -3.236237 -2.045156 -16.199863
NN -16.199863 -16.199863 -16.199863 -16.199863 -16.199863 -16.199863 -16.199863 -16.199863 -16.199863 -16.199863 -16.199863 -16.199863 -16.199863 -16.199863 -16.199863 -16.199863 -16.199863
