 AA AC AG AU CA CC CG CU GA GC GG GU UA UC UG UU NN
AA -1.350318 -9.957831 -10.231803 -7.172284 -999.0 -999.0 -14.387206 -15.383552 -8.862587 -11.065985 -12.666151 -12.21001 -9.18523 -999.0 -13.149138 -999.0 -999.0
AC -9.957831 -0.193872 -10.784178 -5.020557 -14.852244 -9.031135 -12.051816 -999.0 -999.0 -5.400023 -13.728355 -10.184592 -11.284258 -8.854751 -12.076756 -10.261373 -999.0
AG -10.231803 -10.784178 -0.346733 -8.657186 -14.856622 -999.0 -6.990871 -999.0 -11.388625 -10.886427 -8.991329 -11.397452 -9.53783 -11.893597 -8.757547 -13.229263 -999.0
AU -7.172284 -5.020557 -8.657186 5.216773 -9.302712 -11.366256 -4.511393 -7.540064 -13.28575 -2.142855 -10.071033 -1.956764 -4.203671 -10.014152 -5.990136 -6.143723 -999.0
CA -999.0 -14.852244 -14.856622 -9.302712 -1.260246 -10.80003 -4.970776 -8.873848 -9.34245 -11.945144 -10.531121 -15.887573 -5.518342 -12.699973 -8.788368 -11.643674 -999.0
CC -999.0 -9.031135 -999.0 -11.366256 -10.80003 -1.045287 -7.442538 -7.62607 -15.717364 -5.974127 -16.632715 -9.715277 -9.203645 -12.698567 -12.115903 -999.0 -999.0
CG -14.387206 -12.051816 -6.990871 -4.511393 -4.970776 -7.442538 6.023932 -6.481948 -9.576193 -3.835997 -6.706771 -5.478582 -1.793426 -10.089751 -1.419138 -10.39013 -999.0
CU -15.383552 -999.0 -999.0 -7.540064 -8.873848 -7.62607 -6.481948 -0.635194 -14.887573 -8.599697 -16.56152 -6.833565 -8.87057 -9.298369 -10.915206 -8.734993 -999.0
GA -8.862587 -999.0 -11.388625 -13.28575 -9.34245 -15.717364 -9.576193 -14.887573 -0.481432 -8.002951 -9.6248 -8.276656 -8.743444 -999.0 -9.969725 -999.0 -999.0
GC -11.065985 -5.400023 -10.886427 -2.142855 -11.945144 -5.974127 -3.835997 -8.599697 -8.002951 6.152179 -5.933837 -1.608839 -4.620403 -6.628189 -5.647168 -10.051155 -999.0
GG -12.666151 -13.728355 -8.991329 -10.071033 -10.531121 -16.632715 -6.706771 -16.56152 -9.6248 -5.933837 -1.224488 -7.614058 -17.555439 -999.0 -8.583953 -17.731729 -999.0
GU -12.21001 -10.184592 -11.397452 -1.956764 -15.887573 -9.715277 -5.478582 -6.833565 -8.276656 -1.608839 -7.614058 3.970502 -6.481557 -13.182 -7.060003 -7.038323 -999.0
UA -9.18523 -11.284258 -9.53783 -4.203671 -5.518342 -9.203645 -1.793426 -8.87057 -8.743444 -4.620403 -17.555439 -6.481557 5.432679 -6.559545 -2.14105 -6.237854 -999.0
UC -999.0 -8.854751 -11.893597 -10.014152 -12.699973 -12.698567 -10.089751 -9.298369 -999.0 -6.628189 -999.0 -13.182 -6.559545 -0.699894 -8.656821 -6.270855 -999.0
UG -13.149138 -12.076756 -8.757547 -5.990136 -8.788368 -12.115903 -1.419138 -10.915206 -9.969725 -5.647168 -8.583953 -7.060003 -2.14105 -8.656821 4.009479 -7.394527 -999.0
UU -999.0 -10.261373 -13.229263 -6.143723 -11.643674 -999.0 -10.39013 -8.734993 -999.0 -10.051155 -17.731729 -7.038323 -6.237854 -6.270855 -7.394527 0.368472 -999.0
NN -999.0 -999.0 -999.0 -999.0 -999.0 -999.0 -999.0 -999.0 -999.0 -999.0 -999.0 -999.0 -999.0 -999.0 -999.0 -999.0 -999.0
