 AA AC AG AU CA CC CG CU GA GC GG GU UA UC UG UU NN
AA -0.835467 -8.350499 -8.309115 -5.225921 -9.694454 -12.051624 -6.205445 -12.320554 -6.153897 -5.322562 -9.883744 -6.818973 -5.053391 -12.668156 -7.261189 -8.470903 -14.419906
AC -8.350499 -0.361069 -9.34761 -2.627925 -10.654302 -7.565742 -5.533549 -11.087078 -11.226849 -3.522625 -12.200413 -5.977162 -6.391721 -7.752936 -7.996766 -7.832236 -14.419906
AG -8.309115 -9.34761 -0.584931 -6.027538 -10.947203 -14.419906 -4.889498 -10.515348 -8.385889 -6.917417 -5.038928 -7.23628 -7.276324 -10.136757 -5.80296 -11.593562 -14.419906
AU -5.225921 -2.627925 -6.027538 4.981342 -7.344674 -7.553216 0.088772 -5.503752 -7.998587 1.570471 -7.227176 0.078567 -0.302882 -5.663865 -2.412384 -2.949454 -14.419906
CA -9.694454 -10.654302 -10.947203 -7.344674 -2.865968 -10.147129 -3.392555 -8.204853 -8.411176 -6.114694 -10.043464 -8.517163 -2.57903 -9.278677 -6.372645 -7.630582 -14.419906
CC -12.051624 -7.565742 -14.419906 -7.553216 -10.147129 -1.017634 -4.894877 -7.036295 -10.923864 -3.874592 -12.642409 -7.801206 -6.965184 -8.472376 -8.549409 -5.880422 -14.419906
CG -6.205445 -5.533549 -4.889498 0.088772 -3.392555 -4.894877 5.84615 -4.983088 -7.584239 0.846927 -4.839344 -1.559705 1.59422 -5.446513 0.742004 -4.335018 -14.419906
CU -12.320554 -11.087078 -10.515348 -5.503752 -8.204853 -7.036295 -4.983088 -0.765924 -9.533309 -6.726928 -12.212673 -6.18365 -5.734219 -5.405442 -7.640347 -5.826218 -14.419906
GA -6.153897 -11.226849 -8.385889 -7.998587 -8.411176 -10.923864 -7.584239 -9.533309 -0.563382 -5.855328 -8.905256 -6.183171 -6.434039 -8.727173 -8.468212 -13.804086 -14.419906
GC -5.322562 -3.522625 -6.917417 1.570471 -6.114694 -3.874592 0.846927 -6.726928 -5.855328 5.95992 -4.924873 0.667578 -0.174722 -4.462897 -1.436609 -4.48173 -14.419906
GG -9.883744 -12.200413 -5.038928 -7.227176 -10.043464 -12.642409 -4.839344 -12.212673 -8.905256 -4.924873 -1.914619 -5.740247 -7.009879 -12.029048 -4.543245 -12.199066 -14.419906
GU -6.818973 -5.977162 -7.23628 0.078567 -8.517163 -7.801206 -1.559705 -6.18365 -6.183171 0.667578 -5.740247 3.720048 -2.351546 -4.734116 -3.097402 -4.87804 -14.419906
UA -5.053391 -6.391721 -7.276324 -0.302882 -2.57903 -6.965184 1.59422 -5.734219 -6.434039 -0.174722 -7.009879 -2.351546 5.15322 -4.559067 -0.03082 -4.196433 -14.419906
UC -12.668156 -7.752936 -10.136757 -5.663865 -9.278677 -8.472376 -5.446513 -5.405442 -8.727173 -4.462897 -12.029048 -4.734116 -4.559067 -1.818245 -6.42104 -4.561417 -14.419906
UG -7.261189 -7.996766 -5.80296 -2.412384 -6.372645 -8.549409 0.742004 -7.640347 -8.468212 -1.436609 -4.543245 -3.097402 -0.03082 -6.42104 3.686617 -5.052323 -14.419906
UU -8.470903 -7.832236 -11.593562 -2.949454 -7.630582 -5.880422 -4.335018 -5.826218 -13.804086 -4.48173 -12.199066 -4.87804 -4.196433 -4.561417 -5.052323 0.09723 -14.419906
NN -14.419906 -14.419906 -14.419906 -14.419906 -14.419906 -14.419906 -14.419906 -14.419906 -14.419906 -14.419906 -14.419906 -14.419906 -14.419906 -14.419906 -14.419906 -14.419906 -14.419906
