 AA AC AG AU CA CC CG CU GA GC GG GU UA UC UG UU NN
AA -2.841039 -7.034155 -8.53386 -4.415351 -9.115332 -13.594737 -3.813353 -12.540535 -7.16861 -5.12486 -8.52747 -5.858548 -3.305885 -11.437013 -4.759325 -9.202293 -14.297897
AC -7.034155 -2.026736 -9.150566 -1.863871 -9.671772 -8.961765 -5.440899 -10.193126 -8.529688 -3.429433 -10.654394 -4.224399 -5.005626 -8.704441 -6.775259 -8.06444 -14.297897
AG -8.53386 -9.150566 -1.072516 -5.119707 -10.392874 -14.297897 -3.322073 -10.062745 -8.502541 -5.69242 -4.968861 -6.647431 -3.500977 -8.668814 -5.822088 -10.706247 -14.297897
AU -4.415351 -1.863871 -5.119707 4.329456 -5.42546 -3.991208 1.91287 -4.366378 -4.286741 2.853462 -5.168353 0.710387 1.797622 -4.458597 -0.377064 -2.760961 -14.297897
CA -9.115332 -9.671772 -10.392874 -5.42546 -5.44343 -10.395473 -3.062908 -8.397865 -7.834888 -5.278996 -10.977447 -6.667972 -2.566352 -7.254279 -5.715766 -8.630261 -14.297897
CC -13.594737 -8.961765 -14.297897 -3.991208 -10.395473 -3.923322 -4.829343 -5.949895 -11.886155 -3.499739 -11.985109 -6.882645 -5.89025 -7.654451 -7.765359 -5.599284 -14.297897
CG -3.813353 -5.440899 -3.322073 1.91287 -3.062908 -4.829343 5.271535 -4.782045 -5.450275 2.510532 -4.667025 0.034248 2.893572 -4.647432 1.328672 -3.303629 -14.297897
CU -12.540535 -10.193126 -10.062745 -4.366378 -8.397865 -5.949895 -4.782045 -2.653161 -7.983822 -3.379691 -11.381001 -5.057351 -4.639924 -4.210732 -6.887252 -5.538492 -14.297897
GA -7.16861 -8.529688 -8.502541 -4.286741 -7.834888 -11.886155 -5.450275 -7.983822 -1.339515 -3.363668 -8.897897 -6.019936 -5.060762 -6.9553 -7.442425 -11.2738 -14.297897
GC -5.12486 -3.429433 -5.69242 2.853462 -5.278996 -3.499739 2.510532 -3.379691 -3.363668 5.549197 -4.098143 1.368649 1.862712 -4.276364 0.169033 -3.179849 -14.297897
GG -8.52747 -10.654394 -4.968861 -5.168353 -10.977447 -11.985109 -4.667025 -11.381001 -8.897897 -4.098143 -2.016109 -5.464756 -5.655939 -11.103026 -4.366369 -7.145249 -14.297897
GU -5.858548 -4.224399 -6.647431 0.710387 -6.667972 -6.882645 0.034248 -5.057351 -6.019936 1.368649 -5.464756 3.353077 -0.223125 -4.922163 -1.712667 -3.422584 -14.297897
UA -3.305885 -5.005626 -3.500977 1.797622 -2.566352 -5.89025 2.893572 -4.639924 -5.060762 1.862712 -5.655939 -0.223125 4.815209 -3.207534 1.139536 -2.410429 -14.297897
UC -11.437013 -8.704441 -8.668814 -4.458597 -7.254279 -7.654451 -4.647432 -4.210732 -6.9553 -4.276364 -11.103026 -4.922163 -3.207534 -3.596229 -4.392281 -6.338567 -14.297897
UG -4.759325 -6.775259 -5.822088 -0.377064 -5.715766 -7.765359 1.328672 -6.887252 -7.442425 0.169033 -4.366369 -1.712667 1.139536 -4.392281 3.258286 -3.821261 -14.297897
UU -9.202293 -8.06444 -10.706247 -2.760961 -8.630261 -5.599284 -3.303629 -5.538492 -11.2738 -3.179849 -7.145249 -3.422584 -2.410429 -6.338567 -3.821261 -0.405822 -14.297897
NN -14.297897 -14.297897 -14.297897 -14.297897 -14.297897 -14.297897 -14.297897 -14.297897 -14.297897 -14.297897 -14.297897 -14.297897 -14.297897 -14.297897 -14.297897 -14.297897 -14.297897
