 AA AC AG AU CA CC CG CU GA GC GG GU UA UC UG UU NN
AA -2.235844 -7.482476 -8.259247 -4.476699 -9.044066 -13.319779 -4.581755 -12.135634 -6.766923 -4.784541 -9.069532 -5.84823 -4.294296 -10.834168 -6.068014 -9.18684 -14.364569
AC -7.482476 -2.034406 -9.127316 -2.098777 -9.674303 -9.112736 -5.793466 -10.315134 -9.858734 -3.734319 -11.544758 -4.44071 -5.500195 -8.538247 -7.166362 -7.675992 -14.364569
AG -8.259247 -9.127316 -0.747537 -5.257548 -9.606274 -14.364569 -4.470002 -9.33066 -8.791178 -5.999447 -5.507959 -6.863014 -5.086787 -8.469104 -5.813102 -10.733968 -14.364569
AU -4.476699 -2.098777 -5.257548 4.532495 -5.826785 -6.448245 1.633176 -5.244344 -5.60409 2.64316 -5.671012 0.546677 1.577195 -5.022121 -0.643706 -3.01016 -14.364569
CA -9.044066 -9.674303 -9.606274 -5.826785 -5.399249 -10.735319 -3.672058 -7.709743 -8.293196 -5.926903 -10.613647 -7.847196 -2.615314 -6.9821 -5.964646 -8.390126 -14.364569
CC -13.319779 -9.112736 -14.364569 -6.448245 -10.735319 -3.226402 -5.283824 -6.1616 -12.964347 -3.825621 -12.829894 -7.362209 -6.628041 -7.855239 -8.10887 -5.719951 -14.364569
CG -4.581755 -5.793466 -4.470002 1.633176 -3.672058 -5.283824 5.377509 -4.813036 -6.204609 2.045754 -4.630208 -0.337653 2.699385 -4.805245 1.260059 -3.576053 -14.364569
CU -12.135634 -10.315134 -9.33066 -5.244344 -7.709743 -6.1616 -4.813036 -2.070578 -7.419246 -5.524204 -13.706614 -5.659888 -4.448993 -3.922949 -7.288973 -4.635129 -14.364569
GA -6.766923 -9.858734 -8.791178 -5.60409 -8.293196 -12.964347 -6.204609 -7.419246 -1.018861 -4.860633 -8.955413 -6.305064 -5.889149 -6.669468 -7.74481 -11.230254 -14.364569
GC -4.784541 -3.734319 -5.999447 2.64316 -5.926903 -3.825621 2.045754 -5.524204 -4.860633 5.622371 -4.344791 1.175836 1.532321 -4.619017 -0.16241 -3.926332 -14.364569
GG -9.069532 -11.544758 -5.507959 -5.671012 -10.613647 -12.829894 -4.630208 -13.706614 -8.955413 -4.344791 -2.007859 -5.842407 -5.875257 -11.421506 -4.251209 -11.251337 -14.364569
GU -5.84823 -4.44071 -6.863014 0.546677 -7.847196 -7.362209 -0.337653 -5.659888 -6.305064 1.175836 -5.842407 3.503637 -0.623006 -5.249404 -2.098329 -4.716462 -14.364569
UA -4.294296 -5.500195 -5.086787 1.577195 -2.615314 -6.628041 2.699385 -4.448993 -5.889149 1.532321 -5.875257 -0.623006 5.000386 -3.061867 1.068665 -3.389348 -14.364569
UC -10.834168 -8.538247 -8.469104 -5.022121 -6.9821 -7.855239 -4.805245 -3.922949 -6.669468 -4.619017 -11.421506 -5.249404 -3.061867 -3.320272 -4.743131 -5.459034 -14.364569
UG -6.068014 -7.166362 -5.813102 -0.643706 -5.964646 -8.10887 1.260059 -7.288973 -7.74481 -0.16241 -4.251209 -2.098329 1.068665 -4.743131 3.400597 -4.091863 -14.364569
UU -9.18684 -7.675992 -10.733968 -3.01016 -8.390126 -5.719951 -3.576053 -4.635129 -11.230254 -3.926332 -11.251337 -4.716462 -3.389348 -5.459034 -4.091863 0.001217 -14.364569
NN -14.364569 -14.364569 -14.364569 -14.364569 -14.364569 -14.364569 -14.364569 -14.364569 -14.364569 -14.364569 -14.364569 -14.364569 -14.364569 -14.364569 -14.364569 -14.364569 -14.364569
