 AA AC AG AU CA CC CG CU GA GC GG GU UA UC UG UU NN
AA -1.869758 -7.786219 -8.17347 -4.704469 -9.392992 -14.30177 -4.855451 -11.934111 -6.154819 -4.780754 -9.718542 -6.141832 -4.602064 -11.932769 -6.230258 -8.653046 -14.678387
AC -7.786219 -1.775422 -9.28318 -2.071977 -10.019409 -9.214912 -5.801197 -10.650882 -10.172458 -3.802289 -12.153356 -4.783923 -5.788553 -8.614524 -7.350182 -7.906084 -14.678387
AG -8.17347 -9.28318 -0.671202 -5.70441 -10.564483 -14.678387 -4.738839 -8.94136 -8.84517 -6.288182 -5.470189 -6.908898 -5.420871 -8.332636 -5.79719 -10.609328 -14.678387
AU -4.704469 -2.071977 -5.70441 4.609327 -6.017457 -6.682032 1.52662 -5.562222 -5.837899 2.578919 -6.093556 0.470406 1.434385 -5.378999 -0.67634 -3.025134 -14.678387
CA -9.392992 -10.019409 -10.564483 -6.017457 -5.54966 -11.174059 -3.859792 -7.643085 -8.571117 -5.94863 -10.954206 -8.071315 -2.653056 -7.396867 -6.213342 -8.341904 -14.678387
CC -14.30177 -9.214912 -14.678387 -6.682032 -11.174059 -2.792195 -5.192554 -6.159299 -13.614257 -3.985013 -12.357274 -7.754902 -6.95785 -8.38081 -8.42398 -5.987708 -14.678387
CG -4.855451 -5.801197 -4.738839 1.52662 -3.859792 -5.192554 5.424643 -4.914031 -6.413969 1.905436 -4.54221 -0.47282 2.577222 -4.640362 1.176302 -3.724473 -14.678387
CU -11.934111 -10.650882 -8.94136 -5.562222 -7.643085 -6.159299 -4.914031 -1.846587 -6.627302 -5.897956 -13.450261 -5.865535 -4.303518 -3.954058 -7.394972 -4.707326 -14.678387
GA -6.154819 -10.172458 -8.84517 -5.837899 -8.571117 -13.614257 -6.413969 -6.627302 -0.939892 -5.018901 -9.592349 -6.437031 -6.031316 -6.401317 -7.748108 -11.647042 -14.678387
GC -4.780754 -3.802289 -6.288182 2.578919 -5.94863 -3.985013 1.905436 -5.897956 -5.018901 5.638266 -4.617356 1.102434 1.379323 -4.81562 -0.184985 -4.07808 -14.678387
GG -9.718542 -12.153356 -5.470189 -6.093556 -10.954206 -12.357274 -4.54221 -13.450261 -9.592349 -4.617356 -2.123453 -5.640149 -6.140326 -11.84223 -4.203755 -11.747038 -14.678387
GU -6.141832 -4.783923 -6.908898 0.470406 -8.071315 -7.754902 -0.47282 -5.865535 -6.437031 1.102434 -5.640149 3.542604 -0.778462 -5.191833 -2.094471 -4.856003 -14.678387
UA -4.602064 -5.788553 -5.420871 1.434385 -2.653056 -6.95785 2.577222 -4.303518 -6.031316 1.379323 -6.140326 -0.778462 5.036458 -3.050131 1.006954 -3.585005 -14.678387
UC -11.932769 -8.614524 -8.332636 -5.378999 -7.396867 -8.38081 -4.640362 -3.954058 -6.401317 -4.81562 -11.84223 -5.191833 -3.050131 -3.417737 -4.928025 -5.179217 -14.678387
UG -6.230258 -7.350182 -5.79719 -0.67634 -6.213342 -8.42398 1.176302 -7.394972 -7.748108 -0.184985 -4.203755 -2.094471 1.006954 -4.928025 3.433599 -4.202505 -14.678387
UU -8.653046 -7.906084 -10.609328 -3.025134 -8.341904 -5.987708 -3.724473 -4.707326 -11.647042 -4.07808 -11.747038 -4.856003 -3.585005 -5.179217 -4.202505 0.043772 -14.678387
NN -14.678387 -14.678387 -14.678387 -14.678387 -14.678387 -14.678387 -14.678387 -14.678387 -14.678387 -14.678387 -14.678387 -14.678387 -14.678387 -14.678387 -14.678387 -14.678387 -14.678387
