 AA AC AG AU CA CC CG CU GA GC GG GU UA UC UG UU NN
AA -1.775581 -8.218052 -8.0941 -4.695573 -9.996419 -14.3786 -5.193712 -12.090355 -6.038011 -4.778124 -9.609072 -6.405363 -4.732584 -11.962516 -6.362059 -8.574447 -14.919385
AC -8.218052 -1.774422 -9.241998 -2.075417 -9.98245 -9.290563 -5.93467 -11.001998 -10.288755 -3.809927 -12.463529 -5.906038 -6.025824 -8.588134 -7.645879 -8.013339 -14.919385
AG -8.0941 -9.241998 -0.618284 -5.971488 -10.629538 -14.919385 -4.882832 -8.833716 -9.292423 -6.415713 -5.527801 -6.954592 -6.609154 -8.221468 -5.744434 -10.582675 -14.919385
AU -4.695573 -2.075417 -5.971488 4.64405 -6.136422 -7.140507 1.422814 -5.792274 -6.219418 2.528076 -6.234167 0.428791 1.358005 -5.497814 -0.744247 -3.09532 -14.919385
CA -9.996419 -9.98245 -10.629538 -6.136422 -5.481042 -11.564134 -3.924747 -7.600093 -8.627891 -6.244041 -11.691397 -8.519006 -2.615987 -7.335368 -6.289575 -8.292056 -14.919385
CC -14.3786 -9.290563 -14.919385 -7.140507 -11.564134 -2.671685 -5.439599 -6.211787 -13.817847 -4.138084 -12.362009 -8.308479 -7.443724 -8.356972 -9.020164 -6.099974 -14.919385
CG -5.193712 -5.93467 -4.882832 1.422814 -3.924747 -5.439599 5.464681 -4.883316 -6.597564 1.744633 -4.529337 -0.620513 2.523018 -4.601234 1.139575 -4.022896 -14.919385
CU -12.090355 -11.001998 -8.833716 -5.792274 -7.600093 -6.211787 -4.883316 -1.735422 -6.529148 -6.214274 -13.454095 -6.450646 -4.342539 -3.909194 -8.006742 -4.629012 -14.919385
GA -6.038011 -10.288755 -9.292423 -6.219418 -8.627891 -13.817847 -6.597564 -6.529148 -0.921339 -5.497178 -9.563835 -6.711542 -6.095285 -6.29576 -7.691441 -11.819334 -14.919385
GC -4.778124 -3.809927 -6.415713 2.528076 -6.244041 -4.138084 1.744633 -6.214274 -5.497178 5.670559 -4.824935 1.00642 1.248277 -4.866683 -0.250282 -4.363351 -14.919385
GG -9.609072 -12.463529 -5.527801 -6.234167 -11.691397 -12.362009 -4.529337 -13.454095 -9.563835 -4.824935 -2.09289 -5.837853 -6.305493 -11.836824 -4.136306 -11.735521 -14.919385
GU -6.405363 -5.906038 -6.954592 0.428791 -8.519006 -8.308479 -0.620513 -6.450646 -6.711542 1.00642 -5.837853 3.57935 -0.881954 -5.53195 -2.156596 -5.084805 -14.919385
UA -4.732584 -6.025824 -6.609154 1.358005 -2.615987 -7.443724 2.523018 -4.342539 -6.095285 1.248277 -6.305493 -0.881954 5.069263 -2.976676 0.969104 -3.729022 -14.919385
UC -11.962516 -8.588134 -8.221468 -5.497814 -7.335368 -8.356972 -4.601234 -3.909194 -6.29576 -4.866683 -11.836824 -5.53195 -2.976676 -3.297883 -5.082661 -5.099412 -14.919385
UG -6.362059 -7.645879 -5.744434 -0.744247 -6.289575 -9.020164 1.139575 -8.006742 -7.691441 -0.250282 -4.136306 -2.156596 0.969104 -5.082661 3.459531 -4.603911 -14.919385
UU -8.574447 -8.013339 -10.582675 -3.09532 -8.292056 -6.099974 -4.022896 -4.629012 -11.819334 -4.363351 -11.735521 -5.084805 -3.729022 -5.099412 -4.603911 0.136574 -14.919385
NN -14.919385 -14.919385 -14.919385 -14.919385 -14.919385 -14.919385 -14.919385 -14.919385 -14.919385 -14.919385 -14.919385 -14.919385 -14.919385 -14.919385 -14.919385 -14.919385 -14.919385
