 AA AC AG AU CA CC CG CU GA GC GG GU UA UC UG UU NN
AA -1.402543 -9.977199 -10.598953 -7.343514 -999.0 -999.0 -13.490969 -14.507452 -9.944012 -10.272599 -11.911387 -11.111979 -8.80721 -999.0 -12.645463 -999.0 -999.0
AC -9.977199 -0.127562 -11.814334 -5.58891 -16.138356 -9.669098 -13.663232 -999.0 -999.0 -4.25997 -13.518782 -10.295964 -10.099939 -8.360439 -13.256326 -14.011792 -999.0
AG -10.598953 -11.814334 -0.606772 -9.193544 -13.792628 -999.0 -6.016102 -999.0 -11.807477 -10.469578 -11.413019 -14.331135 -9.440104 -13.618896 -7.741748 -15.401422 -999.0
AU -7.343514 -5.58891 -9.193544 5.090565 -12.315317 -13.875177 -4.994833 -8.222671 -15.384116 -2.38543 -11.017764 -1.955507 -4.593226 -10.435803 -6.316516 -5.677858 -999.0
CA -999.0 -16.138356 -13.792628 -12.315317 -1.109054 -9.068238 -4.837471 -7.25855 -8.886536 -10.490748 -10.721057 -14.841288 -5.882146 -11.642696 -8.819452 -13.748757 -999.0
CC -999.0 -9.669098 -999.0 -13.875177 -9.068238 -0.128212 -6.577039 -7.23494 -14.472193 -4.502749 -16.647291 -12.525048 -8.082434 -11.588315 -11.394565 -999.0 -999.0
CG -13.490969 -13.663232 -6.016102 -4.994833 -4.837471 -6.577039 6.272779 -7.89169 -11.512501 -4.169943 -5.733304 -6.071463 -1.976304 -8.804514 -1.586092 -10.478483 -999.0
CU -14.507452 -999.0 -999.0 -8.222671 -7.25855 -7.23494 -7.89169 -0.531374 -13.841288 -8.053004 -15.34505 -7.849554 -7.518299 -11.28788 -10.947457 -9.485384 -999.0
GA -9.944012 -999.0 -11.807477 -15.384116 -8.886536 -14.472193 -11.512501 -13.841288 -0.409925 -7.070147 -10.635391 -8.592215 -8.668448 -999.0 -13.316956 -999.0 -999.0
GC -10.272599 -4.25997 -10.469578 -2.38543 -10.490748 -4.502749 -4.169943 -8.053004 -7.070147 6.376052 -5.260935 -1.437765 -4.745294 -6.231037 -5.510106 -10.088655 -999.0
GG -11.911387 -13.518782 -11.413019 -11.017764 -10.721057 -16.647291 -5.733304 -15.34505 -10.635391 -5.260935 -0.776912 -7.177779 -17.559214 -999.0 -8.033006 -16.714145 -999.0
GU -11.111979 -10.295964 -14.331135 -1.955507 -14.841288 -12.525048 -6.071463 -7.849554 -8.592215 -1.437765 -7.177779 4.00017 -7.179558 -12.552079 -7.18639 -8.851582 -999.0
UA -8.80721 -10.099939 -9.440104 -4.593226 -5.882146 -8.082434 -1.976304 -7.518299 -8.668448 -4.745294 -17.559214 -7.179558 5.232728 -5.973246 -2.227457 -6.802847 -999.0
UC -999.0 -8.360439 -13.618896 -10.435803 -11.642696 -11.588315 -8.804514 -11.28788 -999.0 -6.231037 -999.0 -12.552079 -5.973246 -0.447145 -7.331908 -7.784742 -999.0
UG -12.645463 -13.256326 -7.741748 -6.316516 -8.819452 -11.394565 -1.586092 -10.947457 -13.316956 -5.510106 -8.033006 -7.18639 -2.227457 -7.331908 3.995913 -6.733109 -999.0
UU -999.0 -14.011792 -15.401422 -5.677858 -13.748757 -999.0 -10.478483 -9.485384 -999.0 -10.088655 -16.714145 -8.851582 -6.802847 -7.784742 -6.733109 0.256477 -999.0
NN -999.0 -999.0 -999.0 -999.0 -999.0 -999.0 -999.0 -999.0 -999.0 -999.0 -999.0 -999.0 -999.0 -999.0 -999.0 -999.0 -999.0
