 AA AC AG AU CA CC CG CU GA GC GG GU UA UC UG UU NN
AA -5.098648 -10.4105 -10.860868 -3.807833 -12.027324 -13.083628 -4.950416 -14.175357 -8.661084 -4.209321 -11.170612 -6.56851 -3.385147 -14.193551 -4.796943 -11.438651 -16.219708
AC -10.4105 -3.356412 -11.130549 -2.245744 -12.076506 -9.483049 -3.40189 -12.0764 -8.715445 -1.441013 -11.116088 -5.906747 -4.024663 -10.099312 -4.31806 -10.391635 -16.219708
AG -10.860868 -11.130549 -2.888977 -6.416605 -12.198971 -16.219708 -2.496979 -10.95518 -10.967843 -6.070714 -5.31883 -8.414966 -2.041008 -9.581383 -7.241392 -11.539254 -16.219708
AU -3.807833 -2.245744 -6.416605 3.344916 -5.627133 -2.535364 2.803963 -5.047978 -5.156538 3.565913 -5.647683 0.905498 2.014826 -4.774962 0.244975 -3.601543 -16.219708
CA -12.027324 -12.076506 -12.198971 -5.627133 -7.443855 -12.733724 -3.314332 -9.835012 -9.297212 -5.396442 -12.338331 -6.812176 -3.459655 -9.498021 -7.456231 -10.956089 -16.219708
CC -13.083628 -9.483049 -16.219708 -2.535364 -12.733724 -3.995043 -3.151175 -7.918836 -13.940397 -3.734007 -12.641731 -7.509923 -5.790151 -10.030955 -9.00695 -8.260757 -16.219708
CG -4.950416 -3.40189 -2.496979 2.803963 -3.314332 -3.151175 5.644588 -4.571394 -6.180342 3.460752 -4.713315 1.126519 3.611897 -3.873338 1.522099 -3.463556 -16.219708
CU -14.175357 -12.0764 -10.95518 -5.047978 -9.835012 -7.918836 -4.571394 -4.166958 -8.714081 -3.226059 -10.175206 -5.376321 -3.130295 -6.250833 -8.086509 -7.564378 -16.219708
GA -8.661084 -8.715445 -10.967843 -5.156538 -9.297212 -13.940397 -6.180342 -8.714081 -3.185563 -2.384031 -10.894331 -6.295481 -3.337581 -8.543196 -8.636309 -12.280502 -16.219708
GC -4.209321 -1.441013 -6.070714 3.565913 -5.396442 -3.734007 3.460752 -3.226059 -2.384031 6.017828 -3.441881 1.806505 2.895949 -2.77886 0.684018 -4.087689 -16.219708
GG -11.170612 -11.116088 -5.31883 -5.647683 -12.338331 -12.641731 -4.713315 -10.175206 -10.894331 -3.441881 -2.925263 -5.697035 -6.259962 -11.632521 -5.403806 -6.668201 -16.219708
GU -6.56851 -5.906747 -8.414966 0.905498 -6.812176 -7.509923 1.126519 -5.376321 -6.295481 1.806505 -5.697035 2.760009 0.50695 -4.304727 -1.563472 -4.307318 -16.219708
UA -3.385147 -4.024663 -2.041008 2.014826 -3.459655 -5.790151 3.611897 -3.130295 -3.337581 2.895949 -6.259962 0.50695 3.846044 -3.039207 0.84442 -2.182569 -16.219708
UC -14.193551 -10.099312 -9.581383 -4.774962 -9.498021 -10.030955 -3.873338 -6.250833 -8.543196 -2.77886 -11.632521 -4.304727 -3.039207 -5.611787 -3.233838 -7.925299 -16.219708
UG -4.796943 -4.31806 -7.241392 0.244975 -7.456231 -9.00695 1.522099 -8.086509 -8.636309 0.684018 -5.403806 -1.563472 0.84442 -3.233838 2.547417 -3.287725 -16.219708
UU -11.438651 -10.391635 -11.539254 -3.601543 -10.956089 -8.260757 -3.463556 -7.564378 -12.280502 -4.087689 -6.668201 -4.307318 -2.182569 -7.925299 -3.287725 -2.306021 -16.219708
NN -16.219708 -16.219708 -16.219708 -16.219708 -16.219708 -16.219708 -16.219708 -16.219708 -16.219708 -16.219708 -16.219708 -16.219708 -16.219708 -16.219708 -16.219708 -16.219708 -16.219708
