 AA AC AG AU CA CC CG CU GA GC GG GU UA UC UG UU NN
AA -1.60689 -6.668109 -8.511924 -4.672228 -9.973746 -14.184753 -5.394399 -10.76916 -6.473681 -4.951551 -10.022359 -6.686411 -4.273985 -12.261948 -6.031895 -8.505692 -14.862473
AC -6.668109 -1.337672 -8.80577 -2.213348 -9.84283 -8.375128 -5.564866 -10.398748 -8.699775 -3.672578 -11.81569 -5.097478 -4.931428 -8.344361 -6.637276 -7.92696 -14.862473
AG -8.511924 -8.80577 -0.78307 -5.589816 -11.014341 -14.862473 -3.707265 -9.278053 -8.038358 -5.690396 -5.257671 -6.952893 -6.101337 -8.435113 -5.591017 -10.64711 -14.862473
AU -4.672228 -2.213348 -5.589816 4.610575 -6.217105 -6.585425 1.330281 -5.171951 -4.678122 2.519359 -5.911666 0.535922 1.128252 -5.249212 -0.871608 -3.040465 -14.862473
CA -9.973746 -9.84283 -11.014341 -6.217105 -4.61674 -11.30151 -3.413573 -7.792055 -8.765799 -5.543616 -11.222578 -8.547843 -2.567733 -7.645606 -6.184127 -8.009938 -14.862473
CC -14.184753 -8.375128 -14.862473 -6.585425 -11.30151 -2.145788 -4.844881 -5.387858 -9.124568 -3.784717 -11.450582 -8.13395 -7.256587 -8.108622 -8.757424 -5.874213 -14.862473
CG -5.394399 -5.564866 -3.707265 1.330281 -3.413573 -4.844881 5.562642 -4.843027 -6.766028 1.788038 -4.180983 -0.566347 2.57827 -4.236639 1.24793 -3.231844 -14.862473
CU -10.76916 -10.398748 -9.278053 -5.171951 -7.792055 -5.387858 -4.843027 -1.585488 -7.048992 -6.272874 -12.65639 -5.676933 -4.687893 -4.096076 -7.288044 -4.55486 -14.862473
GA -6.473681 -8.699775 -8.038358 -4.678122 -8.765799 -9.124568 -6.766028 -7.048992 -0.786908 -3.516764 -9.412597 -5.694466 -5.769949 -6.826898 -7.647173 -12.277248 -14.862473
GC -4.951551 -3.672578 -5.690396 2.519359 -5.543616 -3.784717 1.788038 -6.272874 -3.516764 5.773593 -4.013557 1.162097 1.262942 -4.317216 -0.226373 -3.813829 -14.862473
GG -10.022359 -11.81569 -5.257671 -5.911666 -11.222578 -11.450582 -4.180983 -12.65639 -9.412597 -4.013557 -2.339687 -4.680915 -5.440165 -11.909878 -3.993114 -11.669856 -14.862473
GU -6.686411 -5.097478 -6.952893 0.535922 -8.547843 -8.13395 -0.566347 -5.676933 -5.694466 1.162097 -4.680915 3.506956 -0.919049 -5.159886 -2.277685 -4.678544 -14.862473
UA -4.273985 -4.931428 -6.101337 1.128252 -2.567733 -7.256587 2.57827 -4.687893 -5.769949 1.262942 -5.440165 -0.919049 4.943138 -3.167262 0.907375 -3.503762 -14.862473
UC -12.261948 -8.344361 -8.435113 -5.249212 -7.645606 -8.108622 -4.236639 -4.096076 -6.826898 -4.317216 -11.909878 -5.159886 -3.167262 -3.143868 -5.115719 -5.070999 -14.862473
UG -6.031895 -6.637276 -5.591017 -0.871608 -6.184127 -8.757424 1.24793 -7.288044 -7.647173 -0.226373 -3.993114 -2.277685 0.907375 -5.115719 3.417637 -4.486421 -14.862473
UU -8.505692 -7.92696 -10.64711 -3.040465 -8.009938 -5.874213 -3.231844 -4.55486 -12.277248 -3.813829 -11.669856 -4.678544 -3.503762 -5.070999 -4.486421 -0.040333 -14.862473
NN -14.862473 -14.862473 -14.862473 -14.862473 -14.862473 -14.862473 -14.862473 -14.862473 -14.862473 -14.862473 -14.862473 -14.862473 -14.862473 -14.862473 -14.862473 -14.862473 -14.862473
