 AA AC AG AU CA CC CG CU GA GC GG GU UA UC UG UU NN
AA -2.460952 -7.693205 -8.154093 -4.277674 -8.864174 -14.705726 -4.771054 -12.844289 -6.728268 -5.055148 -8.256692 -5.823039 -4.077484 -11.235882 -6.303388 -8.957302 -15.247626
AC -7.693205 -2.158582 -8.989557 -2.03295 -9.338454 -10.557961 -6.103045 -10.538449 -10.00414 -3.799348 -11.234957 -5.702367 -5.603628 -8.659726 -7.04203 -7.810362 -15.247626
AG -8.154093 -8.989557 -0.759812 -5.293111 -10.409894 -15.247626 -4.799765 -10.068292 -9.192748 -5.956787 -5.436769 -6.637451 -6.08619 -8.741523 -5.942439 -11.133432 -15.247626
AU -4.277674 -2.03295 -5.293111 4.520473 -5.593031 -7.205858 1.600817 -5.322201 -5.647492 2.668134 -5.700901 0.560894 1.578853 -4.832692 -0.534666 -3.028299 -15.247626
CA -8.864174 -9.338454 -10.409894 -5.593031 -5.109847 -11.354512 -3.623236 -8.418932 -7.908373 -6.145332 -12.138272 -8.298048 -2.367591 -6.983057 -5.663228 -8.433434 -15.247626
CC -14.705726 -10.557961 -15.247626 -7.205858 -11.354512 -3.52274 -5.962584 -6.082615 -12.980039 -3.744168 -12.680852 -8.278623 -7.283919 -7.395109 -9.010823 -5.550282 -15.247626
CG -4.771054 -6.103045 -4.799765 1.600817 -3.623236 -5.962584 5.393804 -4.931532 -6.096143 1.987237 -4.688736 -0.375213 2.712834 -4.937195 1.292316 -4.05225 -15.247626
CU -12.844289 -10.538449 -10.068292 -5.322201 -8.418932 -6.082615 -4.931532 -2.186096 -7.609203 -5.91619 -13.805963 -6.238425 -4.760028 -3.769427 -7.518689 -5.157158 -15.247626
GA -6.728268 -10.00414 -9.192748 -5.647492 -7.908373 -12.980039 -6.096143 -7.609203 -1.03998 -5.356784 -8.664164 -6.304988 -6.147298 -6.504469 -7.51428 -12.252395 -15.247626
GC -5.055148 -3.799348 -5.956787 2.668134 -6.145332 -3.744168 1.987237 -5.91619 -5.356784 5.641845 -4.241964 1.126785 1.519293 -4.495001 -0.126557 -4.121988 -15.247626
GG -8.256692 -11.234957 -5.436769 -5.700901 -12.138272 -12.680852 -4.688736 -13.805963 -8.664164 -4.241964 -1.923693 -5.96068 -5.900906 -12.149309 -4.227946 -10.728074 -15.247626
GU -5.823039 -5.702367 -6.637451 0.560894 -8.298048 -8.278623 -0.375213 -6.238425 -6.304988 1.126785 -5.96068 3.502818 -0.603326 -5.882161 -2.121668 -4.633123 -15.247626
UA -4.077484 -5.603628 -6.08619 1.578853 -2.367591 -7.283919 2.712834 -4.760028 -6.147298 1.519293 -5.900906 -0.603326 5.001578 -2.937507 1.096722 -3.545601 -15.247626
UC -11.235882 -8.659726 -8.741523 -4.832692 -6.983057 -7.395109 -4.937195 -3.769427 -6.504469 -4.495001 -12.149309 -5.882161 -2.937507 -3.056922 -4.891833 -5.945342 -15.247626
UG -6.303388 -7.04203 -5.942439 -0.534666 -5.663228 -9.010823 1.292316 -7.518689 -7.51428 -0.126557 -4.227946 -2.121668 1.096722 -4.891833 3.385876 -4.580744 -15.247626
UU -8.957302 -7.810362 -11.133432 -3.028299 -8.433434 -5.550282 -4.05225 -5.157158 -12.252395 -4.121988 -10.728074 -4.633123 -3.545601 -5.945342 -4.580744 0.084454 -15.247626
NN -15.247626 -15.247626 -15.247626 -15.247626 -15.247626 -15.247626 -15.247626 -15.247626 -15.247626 -15.247626 -15.247626 -15.247626 -15.247626 -15.247626 -15.247626 -15.247626 -15.247626
