 AA AC AG AU CA CC CG CU GA GC GG GU UA UC UG UU NN
AA -0.88917 -8.892653 -8.501385 -6.763221 -999.0 -999.0 -12.653784 -13.620582 -8.239196 -9.240083 -11.237484 -11.276444 -7.330413 -999.0 -9.834767 -999.0 -999.0
AC -8.892653 -0.257793 -10.711335 -5.046739 -11.412078 -8.93933 -11.937514 -999.0 -999.0 -5.206258 -11.166786 -9.046222 -10.491299 -7.791484 -11.974629 -12.295433 -999.0
AG -8.501385 -10.711335 -0.330886 -7.641741 -13.540924 -999.0 -6.910055 -999.0 -9.669759 -10.302109 -9.294972 -11.291932 -9.512132 -11.879293 -8.801008 -12.122563 -999.0
AU -6.763221 -5.046739 -7.641741 5.288135 -9.144031 -10.523369 -3.449706 -6.529142 -13.620631 -1.436769 -9.061736 -1.940563 -3.305226 -8.421178 -5.476239 -5.589483 -999.0
CA -999.0 -11.412078 -13.540924 -9.144031 -1.462121 -9.827476 -4.892668 -10.226387 -10.423354 -10.445411 -10.053919 -13.101686 -4.953849 -11.461968 -8.66353 -11.754593 -999.0
CC -999.0 -8.93933 -999.0 -10.523369 -9.827476 -1.201276 -6.233577 -7.6782 -14.514318 -5.71688 -12.802776 -10.269675 -8.831197 -9.238466 -12.470495 -999.0 -999.0
CG -12.653784 -11.937514 -6.910055 -3.449706 -4.892668 -6.233577 5.880812 -6.174925 -9.455281 -3.119711 -6.490472 -4.777164 -1.402468 -10.272698 -1.261145 -8.277627 -999.0
CU -13.620582 -999.0 -999.0 -6.529142 -10.226387 -7.6782 -6.174925 -0.658202 -13.593539 -8.283714 -15.373851 -7.087585 -9.528791 -9.282161 -9.814605 -7.830848 -999.0
GA -8.239196 -999.0 -9.669759 -13.620631 -10.423354 -14.514318 -9.455281 -13.593539 -0.540741 -6.859892 -9.244899 -7.428595 -8.44645 -999.0 -10.612079 -999.0 -999.0
GC -9.240083 -5.206258 -10.302109 -1.436769 -10.445411 -5.71688 -3.119711 -8.283714 -6.859892 6.003788 -6.068602 -1.548385 -3.865559 -6.049876 -4.772666 -8.089051 -999.0
GG -11.237484 -11.166786 -9.294972 -9.061736 -10.053919 -12.802776 -6.490472 -15.373851 -9.244899 -6.068602 -1.494985 -7.790152 -16.970943 -999.0 -8.00271 -16.090502 -999.0
GU -11.276444 -9.046222 -11.291932 -1.940563 -13.101686 -10.269675 -4.777164 -7.087585 -7.428595 -1.548385 -7.790152 3.967277 -5.339284 -10.928268 -6.352017 -7.084722 -999.0
UA -7.330413 -10.491299 -9.512132 -3.305226 -4.953849 -8.831197 -1.402468 -9.528791 -8.44645 -3.865559 -16.970943 -5.339284 5.510212 -6.589518 -1.971203 -5.665304 -999.0
UC -999.0 -7.791484 -11.879293 -8.421178 -11.461968 -9.238466 -10.272698 -9.282161 -999.0 -6.049876 -999.0 -10.928268 -6.589518 -1.06869 -7.243733 -6.050974 -999.0
UG -9.834767 -11.974629 -8.801008 -5.476239 -8.66353 -12.470495 -1.261145 -9.814605 -10.612079 -4.772666 -8.00271 -6.352017 -1.971203 -7.243733 4.000777 -6.955989 -999.0
UU -999.0 -12.295433 -12.122563 -5.589483 -11.754593 -999.0 -8.277627 -7.830848 -999.0 -8.089051 -16.090502 -7.084722 -5.665304 -6.050974 -6.955989 0.577555 -999.0
NN -999.0 -999.0 -999.0 -999.0 -999.0 -999.0 -999.0 -999.0 -999.0 -999.0 -999.0 -999.0 -999.0 -999.0 -999.0 -999.0 -999.0
