 AA AC AG AU CA CC CG CU GA GC GG GU UA UC UG UU NN
AA -4.42127 -6.420786 -10.855804 -4.100629 -12.156349 -11.945129 -3.900116 -13.058258 -9.1528 -4.958993 -11.592653 -4.768908 -3.689178 -13.392143 -4.557013 -10.97026 -14.51798
AC -6.420786 -2.436406 -10.683684 -1.95523 -11.795134 -8.031843 -4.287074 -10.388028 -8.815072 -1.96867 -8.963106 -5.535568 -4.143217 -10.053435 -5.595737 -8.751377 -14.51798
AG -10.855804 -10.683684 -2.930617 -5.247568 -11.587032 -14.51798 -1.867773 -11.236869 -8.795519 -5.23309 -4.79847 -8.459905 -2.670236 -10.10352 -5.987278 -7.151762 -14.51798
AU -4.100629 -1.95523 -5.247568 3.592766 -5.31643 -2.008152 2.539907 -4.127152 -4.00531 3.441772 -4.771036 0.938531 2.081664 -4.364289 -0.009989 -3.114835 -14.51798
CA -12.156349 -11.795134 -11.587032 -5.31643 -7.016502 -8.561788 -3.02132 -8.736245 -9.150121 -3.953908 -10.836978 -5.713647 -3.11697 -8.471389 -6.884848 -10.540117 -14.51798
CC -11.945129 -8.031843 -14.51798 -2.008152 -8.561788 -3.528812 -2.987496 -5.490339 -10.543084 -2.542895 -10.800244 -4.879661 -3.524714 -7.62207 -5.449574 -5.051204 -14.51798
CG -3.900116 -4.287074 -1.867773 2.539907 -3.02132 -2.987496 5.431507 -3.84572 -4.368403 3.302685 -3.890523 0.61166 3.51281 -3.85735 1.556141 -3.309991 -14.51798
CU -13.058258 -10.388028 -11.236869 -4.127152 -8.736245 -5.490339 -3.84572 -4.242207 -9.466429 -2.874319 -10.470045 -4.820386 -2.910163 -6.835793 -5.076412 -7.230148 -14.51798
GA -9.1528 -8.815072 -8.795519 -4.00531 -9.150121 -10.543084 -4.368403 -9.466429 -3.207628 -2.370785 -10.702757 -5.865599 -3.54645 -9.26409 -8.647646 -12.155242 -14.51798
GC -4.958993 -1.96867 -5.23309 3.441772 -3.953908 -2.542895 3.302685 -2.874319 -2.370785 5.792786 -3.33171 1.938752 2.751597 -3.539373 0.657756 -2.55269 -14.51798
GG -11.592653 -8.963106 -4.79847 -4.771036 -10.836978 -10.800244 -3.890523 -10.470045 -10.702757 -3.33171 -2.613762 -5.015018 -4.91934 -11.236538 -4.33017 -6.966371 -14.51798
GU -4.768908 -5.535568 -8.459905 0.938531 -5.713647 -4.879661 0.61166 -4.820386 -5.865599 1.938752 -5.015018 2.908208 0.422732 -5.009649 -1.185994 -4.330045 -14.51798
UA -3.689178 -4.143217 -2.670236 2.081664 -3.11697 -3.524714 3.51281 -2.910163 -3.54645 2.751597 -4.91934 0.422732 3.986926 -3.364798 1.096319 -1.952669 -14.51798
UC -13.392143 -10.053435 -10.10352 -4.364289 -8.471389 -7.62207 -3.85735 -6.835793 -9.26409 -3.539373 -11.236538 -5.009649 -3.364798 -6.239876 -3.371075 -7.785335 -14.51798
UG -4.557013 -5.595737 -5.987278 -0.009989 -6.884848 -5.449574 1.556141 -5.076412 -8.647646 0.657756 -4.33017 -1.185994 1.096319 -3.371075 2.604374 -2.47579 -14.51798
UU -10.97026 -8.751377 -7.151762 -3.114835 -10.540117 -5.051204 -3.309991 -7.230148 -12.155242 -2.55269 -6.966371 -4.330045 -1.952669 -7.785335 -2.47579 -1.833367 -14.51798
NN -14.51798 -14.51798 -14.51798 -14.51798 -14.51798 -14.51798 -14.51798 -14.51798 -14.51798 -14.51798 -14.51798 -14.51798 -14.51798 -14.51798 -14.51798 -14.51798 -14.51798
