 AA AC AG AU CA CC CG CU GA GC GG GU UA UC UG UU NN
AA -0.654281 -7.633899 -7.981717 -7.075024 -999.0 -999.0 -11.365118 -12.165559 -6.878161 -8.490649 -9.749175 -10.888705 -7.40623 -999.0 -10.065583 -999.0 -999.0
AC -7.633899 -0.256395 -9.287116 -4.897602 -14.111458 -9.272735 -11.755214 -999.0 -999.0 -4.926548 -11.856871 -8.652811 -10.706128 -8.284192 -11.224353 -11.702866 -999.0
AG -7.981717 -9.287116 -0.316097 -7.724958 -11.727688 -999.0 -6.716638 -999.0 -9.230708 -10.337497 -9.486907 -12.010508 -9.303742 -11.586923 -8.286482 -12.863417 -999.0
AU -7.075024 -4.897602 -7.724958 5.298267 -9.739295 -11.648764 -2.937153 -6.800792 -13.004182 -1.073724 -8.37492 -1.779827 -3.188994 -8.296874 -4.701865 -5.410011 -999.0
CA -999.0 -14.111458 -11.727688 -9.739295 -1.794469 -10.05861 -4.860901 -11.970693 -12.535043 -10.880745 -10.119905 -12.809315 -4.866351 -9.648764 -9.036726 -11.439832 -999.0
CC -999.0 -9.272735 -999.0 -11.648764 -10.05861 -1.301238 -6.290441 -6.899309 -12.755214 -6.16517 -14.568895 -10.739979 -8.820945 -9.868935 -11.029486 -999.0 -999.0
CG -11.365118 -11.755214 -6.716638 -2.937153 -4.860901 -6.290441 5.845013 -5.987523 -9.676299 -2.658346 -6.598017 -4.292359 -1.039168 -9.418051 -0.988043 -8.187423 -999.0
CU -12.165559 -999.0 -999.0 -6.800792 -11.970693 -6.899309 -5.987523 -0.70516 -11.809315 -8.070128 -13.622996 -7.214594 -8.815341 -8.971946 -8.827248 -7.81794 -999.0
GA -6.878161 -999.0 -9.230708 -13.004182 -12.535043 -12.755214 -9.676299 -11.809315 -0.443452 -6.865916 -10.017422 -7.379071 -8.902644 -999.0 -11.174007 -999.0 -999.0
GC -8.490649 -4.926548 -10.337497 -1.073724 -10.880745 -6.16517 -2.658346 -8.070128 -6.865916 5.947098 -6.071755 -1.238971 -3.598035 -5.658314 -4.349201 -7.986726 -999.0
GG -9.749175 -11.856871 -9.486907 -8.37492 -10.119905 -14.568895 -6.598017 -13.622996 -10.017422 -6.071755 -1.754176 -7.591254 -14.817863 -999.0 -8.176217 -14.677098 -999.0
GU -10.888705 -8.652811 -12.010508 -1.779827 -12.809315 -10.739979 -4.292359 -7.214594 -7.379071 -1.238971 -7.591254 3.977809 -5.229211 -10.553073 -5.902311 -7.054949 -999.0
UA -7.40623 -10.706128 -9.303742 -3.188994 -4.866351 -8.820945 -1.039168 -8.815341 -8.902644 -3.598035 -14.817863 -5.229211 5.520394 -6.191904 -1.921269 -5.400296 -999.0
UC -999.0 -8.284192 -11.586923 -8.296874 -9.648764 -9.868935 -9.418051 -8.971946 -999.0 -5.658314 -999.0 -10.553073 -6.191904 -1.245787 -7.452613 -5.506818 -999.0
UG -10.065583 -11.224353 -8.286482 -4.701865 -9.036726 -11.029486 -0.988043 -8.827248 -11.174007 -4.349201 -8.176217 -5.902311 -1.921269 -7.452613 4.000981 -7.257766 -999.0
UU -999.0 -11.702866 -12.863417 -5.410011 -11.439832 -999.0 -8.187423 -7.81794 -999.0 -7.986726 -14.677098 -7.054949 -5.400296 -5.506818 -7.257766 0.607528 -999.0
NN -999.0 -999.0 -999.0 -999.0 -999.0 -999.0 -999.0 -999.0 -999.0 -999.0 -999.0 -999.0 -999.0 -999.0 -999.0 -999.0 -999.0
