 AA AC AG AU CA CC CG CU GA GC GG GU UA UC UG UU NN
AA -2.488349 -7.042094 -8.238017 -4.317463 -8.842033 -14.373559 -4.678511 -12.640723 -6.858807 -5.030739 -8.393424 -5.83531 -4.006673 -11.323969 -6.161755 -9.04821 -14.496253
AC -7.042094 -2.108879 -8.895066 -2.038769 -9.372576 -9.081234 -5.856881 -10.446549 -9.72831 -3.812753 -11.052794 -4.720463 -5.324754 -8.66576 -6.925209 -7.827377 -14.496253
AG -8.238017 -8.895066 -0.803423 -5.133726 -10.407814 -14.496253 -4.567757 -10.140939 -8.609094 -5.770632 -5.383659 -6.596424 -5.430794 -8.871719 -5.941616 -11.073954 -14.496253
AU -4.317463 -2.038769 -5.133726 4.4927 -5.564446 -6.705747 1.673203 -5.173809 -5.328293 2.70482 -5.60769 0.593694 1.608648 -4.812943 -0.505944 -2.979395 -14.496253
CA -8.842033 -9.372576 -10.407814 -5.564446 -5.125312 -10.448895 -3.567043 -8.485494 -7.981155 -5.949981 -11.357831 -7.929741 -2.415577 -7.084955 -5.629131 -8.393641 -14.496253
CC -14.373559 -9.081234 -14.496253 -6.705747 -10.448895 -3.593042 -5.704751 -5.771068 -12.429263 -3.701762 -12.578234 -7.873675 -6.87695 -7.402874 -8.412817 -5.406597 -14.496253
CG -4.678511 -5.856881 -4.567757 1.673203 -3.567043 -5.704751 5.360799 -4.963137 -5.996523 2.11256 -4.664596 -0.270488 2.748442 -4.909116 1.31953 -3.67199 -14.496253
CU -12.640723 -10.446549 -10.140939 -5.173809 -8.485494 -5.771068 -4.963137 -2.275363 -7.708326 -5.842817 -13.694318 -5.612507 -4.717212 -3.834964 -7.352963 -5.212174 -14.496253
GA -6.858807 -9.72831 -8.609094 -5.328293 -7.981155 -12.429263 -5.996523 -7.708326 -1.046177 -4.876907 -8.670446 -6.09495 -5.847454 -6.628842 -7.551171 -11.540895 -14.496253
GC -5.030739 -3.812753 -5.770632 2.70482 -5.949981 -3.701762 2.11256 -5.842817 -4.876907 5.616325 -4.130013 1.205393 1.596571 -4.485037 -0.077872 -3.899205 -14.496253
GG -8.393424 -11.052794 -5.383659 -5.60769 -11.357831 -12.578234 -4.664596 -13.694318 -8.670446 -4.130013 -1.97512 -5.767859 -5.746373 -12.010797 -4.273159 -10.78661 -14.496253
GU -5.83531 -4.720463 -6.596424 0.593694 -7.929741 -7.873675 -0.270488 -5.612507 -6.09495 1.205393 -5.767859 3.468458 -0.565905 -5.302508 -2.088271 -4.444826 -14.496253
UA -4.006673 -5.324754 -5.430794 1.608648 -2.415577 -6.87695 2.748442 -4.717212 -5.847454 1.596571 -5.746373 -0.565905 4.967781 -2.981881 1.136473 -3.387513 -14.496253
UC -11.323969 -8.66576 -8.871719 -4.812943 -7.084955 -7.402874 -4.909116 -3.834964 -6.628842 -4.485037 -12.010797 -5.302508 -2.981881 -3.208242 -4.762134 -5.975262 -14.496253
UG -6.161755 -6.925209 -5.941616 -0.505944 -5.629131 -8.412817 1.31953 -7.352963 -7.551171 -0.077872 -4.273159 -2.088271 1.136473 -4.762134 3.364318 -4.27782 -14.496253
UU -9.04821 -7.827377 -11.073954 -2.979395 -8.393641 -5.406597 -3.67199 -5.212174 -11.540895 -3.899205 -10.78661 -4.444826 -3.387513 -5.975262 -4.27782 -0.018299 -14.496253
NN -14.496253 -14.496253 -14.496253 -14.496253 -14.496253 -14.496253 -14.496253 -14.496253 -14.496253 -14.496253 -14.496253 -14.496253 -14.496253 -14.496253 -14.496253 -14.496253 -14.496253
