 AA AC AG AU CA CC CG CU GA GC GG GU UA UC UG UU NN
AA -3.596622 -6.498481 -9.399311 -4.444135 -10.188375 -13.011706 -3.610261 -12.29005 -7.530649 -5.306453 -8.51588 -5.715024 -3.01755 -12.462911 -3.861199 -8.858801 -13.620734
AC -6.498481 -1.765882 -9.665856 -1.641354 -9.703914 -7.722225 -4.804815 -9.709449 -7.030328 -2.898142 -9.843378 -4.005969 -3.998738 -8.553744 -6.205439 -8.170963 -13.620734
AG -9.399311 -9.665856 -1.922953 -4.944724 -10.333535 -13.620734 -2.222073 -10.825773 -8.180075 -4.990504 -4.454384 -6.627233 -2.719096 -9.184127 -5.639809 -8.576317 -13.620734
AU -4.444135 -1.641354 -4.944724 3.962961 -4.972506 -2.722921 2.267576 -3.564235 -3.71557 3.107887 -4.522382 0.871168 2.009254 -3.858762 -0.142113 -2.45962 -13.620734
CA -10.188375 -9.703914 -10.333535 -4.972506 -5.741875 -9.760976 -2.602597 -8.332407 -6.87896 -4.407172 -10.399816 -5.484814 -2.840802 -7.553688 -5.765214 -9.026926 -13.620734
CC -13.011706 -7.722225 -13.620734 -2.722921 -9.760976 -3.987806 -4.073351 -5.569397 -10.367967 -2.847844 -10.787733 -5.870994 -4.797721 -7.275495 -6.604873 -5.301867 -13.620734
CG -3.610261 -4.804815 -2.222073 2.267576 -2.602597 -4.073351 5.194445 -4.323472 -4.522894 3.020375 -4.316013 0.457751 3.142292 -4.280455 1.462739 -2.654007 -13.620734
CU -12.29005 -9.709449 -10.825773 -3.564235 -8.332407 -5.569397 -4.323472 -3.341102 -8.131279 -2.437138 -8.333698 -4.225426 -3.961709 -4.981209 -5.674289 -5.886695 -13.620734
GA -7.530649 -7.030328 -8.180075 -3.71557 -6.87896 -10.367967 -4.522894 -8.131279 -1.952476 -2.432503 -8.342799 -5.350733 -4.101155 -7.572451 -6.917317 -9.425763 -13.620734
GC -5.306453 -2.898142 -4.990504 3.107887 -4.407172 -2.847844 3.020375 -2.437138 -2.432503 5.511289 -3.76027 1.680561 2.319441 -3.738842 0.628421 -2.475196 -13.620734
GG -8.51588 -9.843378 -4.454384 -4.522382 -10.399816 -10.787733 -4.316013 -8.333698 -8.342799 -3.76027 -2.247223 -5.172605 -5.304428 -10.301341 -4.364734 -5.955983 -13.620734
GU -5.715024 -4.005969 -6.627233 0.871168 -5.484814 -5.870994 0.457751 -4.225426 -5.350733 1.680561 -5.172605 3.115038 0.206922 -4.721191 -1.193524 -3.019503 -13.620734
UA -3.01755 -3.998738 -2.719096 2.009254 -2.840802 -4.797721 3.142292 -3.961709 -4.101155 2.319441 -5.304428 0.206922 4.437239 -3.405645 1.206588 -1.709989 -13.620734
UC -12.462911 -8.553744 -9.184127 -3.858762 -7.553688 -7.275495 -4.280455 -4.981209 -7.572451 -3.738842 -10.301341 -4.721191 -3.405645 -4.70991 -3.943201 -6.945428 -13.620734
UG -3.861199 -6.205439 -5.639809 -0.142113 -5.765214 -6.604873 1.462739 -5.674289 -6.917317 0.628421 -4.364734 -1.193524 1.206588 -3.943201 2.982298 -3.144713 -13.620734
UU -8.858801 -8.170963 -8.576317 -2.45962 -9.026926 -5.301867 -2.654007 -5.886695 -9.425763 -2.475196 -5.955983 -3.019503 -1.709989 -6.945428 -3.144713 -1.27895 -13.620734
NN -13.620734 -13.620734 -13.620734 -13.620734 -13.620734 -13.620734 -13.620734 -13.620734 -13.620734 -13.620734 -13.620734 -13.620734 -13.620734 -13.620734 -13.620734 -13.620734 -13.620734
