 AA AC AG AU CA CC CG CU GA GC GG GU UA UC UG UU NN
AA -1.81159 -7.995766 -8.129031 -4.691241 -9.598926 -14.325802 -5.080143 -11.918692 -6.090698 -4.75769 -9.643425 -6.316942 -4.638521 -11.966258 -6.226173 -8.642056 -14.687475
AC -7.995766 -1.770705 -9.235521 -2.078076 -9.994814 -9.197311 -5.843604 -10.95244 -10.278834 -3.816002 -12.31271 -5.194791 -5.870543 -8.567946 -7.377055 -7.967058 -14.687475
AG -8.129031 -9.235521 -0.646554 -5.867757 -10.591022 -14.687475 -4.804342 -8.876692 -9.049828 -6.294192 -5.507358 -6.921244 -5.944803 -8.28439 -5.769854 -10.585667 -14.687475
AU -4.691241 -2.078076 -5.867757 4.630831 -6.097384 -6.902682 1.480214 -5.614153 -6.022505 2.548748 -6.174408 0.44967 1.393436 -5.456661 -0.713102 -3.063017 -14.687475
CA -9.598926 -9.994814 -10.591022 -6.097384 -5.501741 -11.286865 -3.888543 -7.651044 -8.598924 -6.023049 -11.35649 -8.268281 -2.636415 -7.36009 -6.265272 -8.307579 -14.687475
CC -14.325802 -9.197311 -14.687475 -6.902682 -11.286865 -2.740802 -5.301014 -6.189456 -13.646603 -4.069262 -12.355063 -8.041366 -7.255942 -8.347696 -8.785107 -6.029455 -14.687475
CG -5.080143 -5.843604 -4.804342 1.480214 -3.888543 -5.301014 5.439265 -4.933605 -6.499876 1.840574 -4.539345 -0.535892 2.547154 -4.640266 1.161678 -3.823572 -14.687475
CU -11.918692 -10.95244 -8.876692 -5.614153 -7.651044 -6.189456 -4.933605 -1.791054 -6.591051 -6.142914 -13.449604 -6.062667 -4.348338 -3.916115 -7.755814 -4.656526 -14.687475
GA -6.090698 -10.278834 -9.049828 -6.022505 -8.598924 -13.646603 -6.499876 -6.591051 -0.926264 -5.257123 -9.595138 -6.546263 -6.049942 -6.369385 -7.714284 -11.732151 -14.687475
GC -4.75769 -3.816002 -6.294192 2.548748 -6.023049 -4.069262 1.840574 -6.142914 -5.257123 5.649575 -4.720806 1.061875 1.316175 -4.839547 -0.216941 -4.237039 -14.687475
GG -9.643425 -12.31271 -5.507358 -6.174408 -11.35649 -12.355063 -4.539345 -13.449604 -9.595138 -4.720806 -2.107728 -5.768126 -6.234682 -11.826722 -4.179664 -11.727313 -14.687475
GU -6.316942 -5.194791 -6.921244 0.44967 -8.268281 -8.041366 -0.535892 -6.062667 -6.546263 1.061875 -5.768126 3.560735 -0.840608 -5.285916 -2.135962 -4.983961 -14.687475
UA -4.638521 -5.870543 -5.944803 1.393436 -2.636415 -7.255942 2.547154 -4.348338 -6.049942 1.316175 -6.234682 -0.840608 5.055439 -3.019565 0.988899 -3.643348 -14.687475
UC -11.966258 -8.567946 -8.28439 -5.456661 -7.36009 -8.347696 -4.640266 -3.916115 -6.369385 -4.839547 -11.826722 -5.285916 -3.019565 -3.379581 -4.976184 -5.131115 -14.687475
UG -6.226173 -7.377055 -5.769854 -0.713102 -6.265272 -8.785107 1.161678 -7.755814 -7.714284 -0.216941 -4.179664 -2.135962 0.988899 -4.976184 3.447891 -4.359428 -14.687475
UU -8.642056 -7.967058 -10.585667 -3.063017 -8.307579 -6.029455 -3.823572 -4.656526 -11.732151 -4.237039 -11.727313 -4.983961 -3.643348 -5.131115 -4.359428 0.094149 -14.687475
NN -14.687475 -14.687475 -14.687475 -14.687475 -14.687475 -14.687475 -14.687475 -14.687475 -14.687475 -14.687475 -14.687475 -14.687475 -14.687475 -14.687475 -14.687475 -14.687475 -14.687475
