 AA AC AG AU CA CC CG CU GA GC GG GU UA UC UG UU NN
AA -2.980175 -8.153151 -8.7969 -4.707542 -9.723176 -13.049239 -3.773874 -12.18807 -7.201603 -5.111747 -9.258474 -6.139049 -2.507829 -11.299478 -3.653186 -8.938614 -14.714491
AC -8.153151 -2.148618 -9.268456 -1.619904 -10.226252 -8.718851 -5.263657 -10.344878 -7.790568 -2.739073 -10.032262 -4.582381 -5.211789 -8.804761 -6.967102 -8.163264 -14.714491
AG -8.7969 -9.268456 -1.380097 -5.640264 -9.727467 -14.714491 -2.524215 -9.403678 -9.312113 -5.88991 -4.54573 -7.068431 -2.828646 -8.019353 -5.770751 -9.995872 -14.714491
AU -4.707542 -1.619904 -5.640264 4.177746 -5.463728 -2.553065 2.086087 -4.038277 -3.920076 2.912317 -4.705428 0.760593 1.915574 -4.206658 -0.359373 -2.391509 -14.714491
CA -9.723176 -10.226252 -9.727467 -5.463728 -6.055438 -11.241504 -2.996738 -8.255678 -7.810751 -5.245539 -11.106934 -6.105241 -2.819571 -7.574403 -6.091692 -8.846624 -14.714491
CC -13.049239 -8.718851 -14.714491 -2.553065 -11.241504 -3.862118 -4.980221 -6.829949 -12.226516 -3.518359 -12.091787 -6.708473 -6.051749 -8.447231 -8.001373 -6.393577 -14.714491
CG -3.773874 -5.263657 -2.524215 2.086087 -2.996738 -4.980221 5.205055 -4.32604 -5.748088 2.844217 -4.614241 0.300395 2.997595 -4.318775 1.26272 -3.007644 -14.714491
CU -12.18807 -10.344878 -9.403678 -4.038277 -8.255678 -6.829949 -4.32604 -2.784379 -7.855592 -2.204781 -9.083492 -4.453097 -4.363863 -4.620923 -6.366649 -5.373103 -14.714491
GA -7.201603 -7.790568 -9.312113 -3.920076 -7.810751 -12.226516 -5.748088 -7.855592 -1.67846 -2.639644 -9.102618 -6.402075 -4.627426 -7.178265 -7.766906 -10.264245 -14.714491
GC -5.111747 -2.739073 -5.88991 2.912317 -5.245539 -3.518359 2.844217 -2.204781 -2.639644 5.500389 -4.532415 1.447377 1.994872 -3.939662 0.350984 -2.84031 -14.714491
GG -9.258474 -10.032262 -4.54573 -4.705428 -11.106934 -12.091787 -4.614241 -9.083492 -9.102618 -4.532415 -2.117745 -5.690379 -6.104487 -10.665382 -4.26575 -5.121043 -14.714491
GU -6.139049 -4.582381 -7.068431 0.760593 -6.105241 -6.708473 0.300395 -4.453097 -6.402075 1.447377 -5.690379 3.288196 0.094152 -4.729273 -1.330858 -2.682564 -14.714491
UA -2.507829 -5.211789 -2.828646 1.915574 -2.819571 -6.051749 2.997595 -4.363863 -4.627426 1.994872 -6.104487 0.094152 4.687622 -3.499722 1.063607 -1.62397 -14.714491
UC -11.299478 -8.804761 -8.019353 -4.206658 -7.574403 -8.447231 -4.318775 -4.620923 -7.178265 -3.939662 -10.665382 -4.729273 -3.499722 -4.011905 -4.280585 -6.183405 -14.714491
UG -3.653186 -6.967102 -5.770751 -0.359373 -6.091692 -8.001373 1.26272 -6.366649 -7.766906 0.350984 -4.26575 -1.330858 1.063607 -4.280585 3.164017 -3.657855 -14.714491
UU -8.938614 -8.163264 -9.995872 -2.391509 -8.846624 -6.393577 -3.007644 -5.373103 -10.264245 -2.84031 -5.121043 -2.682564 -1.62397 -6.183405 -3.657855 -0.778964 -14.714491
NN -14.714491 -14.714491 -14.714491 -14.714491 -14.714491 -14.714491 -14.714491 -14.714491 -14.714491 -14.714491 -14.714491 -14.714491 -14.714491 -14.714491 -14.714491 -14.714491 -14.714491
