 AA AC AG AU CA CC CG CU GA GC GG GU UA UC UG UU NN
AA -2.566834 -5.577246 -8.603826 -4.555045 -9.310048 -13.872543 -4.307133 -11.785043 -6.750919 -5.195265 -8.61565 -5.567168 -3.834603 -12.257414 -6.07756 -7.989104 -13.872543
AC -5.577246 -1.587419 -9.11051 -1.846452 -8.91843 -7.209579 -5.336944 -9.000768 -9.202672 -3.921683 -10.923287 -3.733507 -4.466582 -8.136739 -6.652261 -7.261738 -13.872543
AG -8.603826 -9.11051 -1.131987 -4.628118 -9.827805 -13.351326 -3.839161 -10.599086 -7.354864 -5.269744 -4.697397 -6.518524 -3.94396 -9.085717 -5.607709 -10.860829 -13.872543
AU -4.555045 -1.846452 -4.628118 4.358853 -5.145406 -5.211738 1.810258 -4.589661 -4.282831 2.864431 -5.144677 0.800595 1.685928 -4.406376 -0.34034 -2.658656 -13.872543
CA -9.310048 -8.91843 -9.827805 -5.145406 -4.887035 -8.99424 -3.093261 -8.615655 -7.50041 -5.307251 -9.705169 -6.743603 -2.494079 -7.286534 -5.41433 -8.325221 -13.872543
CC -13.872543 -7.209579 -13.351326 -5.211738 -8.99424 -3.222475 -4.720313 -4.737436 -10.879265 -2.959382 -11.756511 -6.670017 -5.343519 -6.599808 -6.521958 -4.412077 -13.872543
CG -4.307133 -5.336944 -3.839161 1.810258 -3.093261 -4.720313 5.342487 -4.676935 -5.384563 2.296131 -4.465431 -0.033057 2.864425 -4.641405 1.426102 -3.100651 -13.872543
CU -11.785043 -9.000768 -10.599086 -4.589661 -8.615655 -4.737436 -4.676935 -2.498597 -7.577353 -5.346015 -12.602117 -4.556385 -4.151017 -4.281194 -6.13513 -4.945487 -13.872543
GA -6.750919 -9.202672 -7.354864 -4.282831 -7.50041 -10.879265 -5.384563 -7.577353 -1.083594 -3.796278 -7.757467 -5.22695 -4.823017 -6.913883 -7.089719 -10.315975 -13.872543
GC -5.195265 -3.921683 -5.269744 2.864431 -5.307251 -2.959382 2.296131 -5.346015 -3.796278 5.605553 -3.762804 1.473475 1.789313 -4.391117 0.093984 -2.996374 -13.872543
GG -8.61565 -10.923287 -4.697397 -5.144677 -9.705169 -11.756511 -4.465431 -12.602117 -7.757467 -3.762804 -2.262824 -4.925622 -5.14514 -11.372401 -4.329331 -11.259313 -13.872543
GU -5.567168 -3.733507 -6.518524 0.800595 -6.743603 -6.670017 -0.033057 -4.556385 -5.22695 1.473475 -4.925622 3.31909 -0.365511 -4.735901 -2.007195 -3.748288 -13.872543
UA -3.834603 -4.466582 -3.94396 1.685928 -2.494079 -5.343519 2.864425 -4.151017 -4.823017 1.789313 -5.14514 -0.365511 4.783176 -3.159827 1.278904 -3.003534 -13.872543
UC -12.257414 -8.136739 -9.085717 -4.406376 -7.286534 -6.599808 -4.641405 -4.281194 -6.913883 -4.391117 -11.372401 -4.735901 -3.159827 -4.054391 -4.484345 -6.043253 -13.872543
UG -6.07756 -6.652261 -5.607709 -0.34034 -5.41433 -6.521958 1.426102 -6.13513 -7.089719 0.093984 -4.329331 -2.007195 1.278904 -4.484345 3.257128 -3.788308 -13.872543
UU -7.989104 -7.261738 -10.860829 -2.658656 -8.325221 -4.412077 -3.100651 -4.945487 -10.315975 -2.996374 -11.259313 -3.748288 -3.003534 -6.043253 -3.788308 -0.417025 -13.872543
NN -13.872543 -13.872543 -13.872543 -13.872543 -13.872543 -13.872543 -13.872543 -13.872543 -13.872543 -13.872543 -13.872543 -13.872543 -13.872543 -13.872543 -13.872543 -13.872543 -13.872543
