 AA AC AG AU CA CC CG CU GA GC GG GU UA UC UG UU NN
AA -3.18054 -5.357743 -10.173926 -4.521687 -11.124616 -11.460909 -4.238752 -12.164373 -8.253531 -5.644574 -11.184779 -5.223116 -4.114123 -12.461439 -4.901403 -9.931973 -13.873792
AC -5.357743 -1.754566 -10.498259 -1.842787 -11.04485 -9.549743 -5.224436 -9.599831 -8.888824 -3.239838 -9.667637 -5.299299 -4.151351 -9.416477 -5.47466 -7.753977 -13.873792
AG -10.173926 -10.498259 -2.044898 -4.726172 -11.341056 -13.873792 -2.043173 -11.02479 -7.944534 -5.05667 -4.417496 -7.830613 -2.757972 -10.057653 -5.898304 -11.379895 -13.873792
AU -4.521687 -1.842787 -4.726172 4.033686 -5.38684 -2.646548 2.142599 -4.017983 -3.695868 3.264041 -4.821614 1.009311 1.973542 -4.284345 -0.203331 -3.297875 -13.873792
CA -11.124616 -11.04485 -11.341056 -5.38684 -6.129024 -7.836263 -3.119668 -7.84656 -8.817901 -3.935245 -10.231665 -5.954921 -2.8769 -7.594883 -6.372572 -9.463096 -13.873792
CC -11.460909 -9.549743 -13.873792 -2.646548 -7.836263 -2.971586 -3.036653 -4.73822 -10.738382 -2.420082 -10.479507 -4.649439 -3.254206 -6.973582 -4.875999 -4.123333 -13.873792
CG -4.238752 -5.224436 -2.043173 2.142599 -3.119668 -3.036653 5.349334 -4.421978 -4.221918 2.775745 -4.296097 0.155328 3.287861 -4.249536 1.405084 -3.367246 -13.873792
CU -12.164373 -9.599831 -11.02479 -4.017983 -7.84656 -4.73822 -4.421978 -3.296866 -8.687125 -3.472801 -11.049696 -4.464257 -3.122682 -5.922187 -5.590421 -6.188497 -13.873792
GA -8.253531 -8.888824 -7.944534 -3.695868 -8.817901 -10.738382 -4.221918 -8.687125 -2.375042 -2.776524 -10.240575 -5.091208 -3.632875 -8.464109 -8.301155 -11.832549 -13.873792
GC -5.644574 -3.239838 -5.05667 3.264041 -3.935245 -2.420082 2.775745 -3.472801 -2.776524 5.660964 -3.55236 1.742985 2.315808 -4.289252 0.350018 -3.014582 -13.873792
GG -11.184779 -9.667637 -4.417496 -4.821614 -10.231665 -10.479507 -4.296097 -11.049696 -10.240575 -3.55236 -2.516956 -4.628169 -4.985134 -11.048872 -3.986459 -7.697463 -13.873792
GU -5.223116 -5.299299 -7.830613 1.009311 -5.954921 -4.649439 0.155328 -4.464257 -5.091208 1.742985 -4.628169 3.062495 0.002911 -5.396679 -1.728914 -4.05865 -13.873792
UA -4.114123 -4.151351 -2.757972 1.973542 -2.8769 -3.254206 3.287861 -3.122682 -3.632875 2.315808 -4.985134 0.002911 4.419529 -3.265304 1.198902 -2.042783 -13.873792
UC -12.461439 -9.416477 -10.057653 -4.284345 -7.594883 -6.973582 -4.249536 -5.922187 -8.464109 -4.289252 -11.048872 -5.396679 -3.265304 -5.305117 -3.186256 -6.678805 -13.873792
UG -4.901403 -5.47466 -5.898304 -0.203331 -6.372572 -4.875999 1.405084 -5.590421 -8.301155 0.350018 -3.986459 -1.728914 1.198902 -3.186256 2.912126 -2.930404 -13.873792
UU -9.931973 -7.753977 -11.379895 -3.297875 -9.463096 -4.123333 -3.367246 -6.188497 -11.832549 -3.014582 -7.697463 -4.05865 -2.042783 -6.678805 -2.930404 -1.165649 -13.873792
NN -13.873792 -13.873792 -13.873792 -13.873792 -13.873792 -13.873792 -13.873792 -13.873792 -13.873792 -13.873792 -13.873792 -13.873792 -13.873792 -13.873792 -13.873792 -13.873792 -13.873792
