 AA AC AG AU CA CC CG CU GA GC GG GU UA UC UG UU NN
AA -0.728643 -8.755288 -8.168322 -5.212229 -9.826979 -13.087183 -6.058507 -12.18597 -5.644444 -5.05411 -10.057324 -6.633372 -4.858201 -12.536467 -7.099028 -8.221433 -14.294807
AC -8.755288 -0.603757 -9.087979 -2.462136 -10.704977 -7.952069 -5.656127 -11.353301 -10.57143 -3.690755 -12.060409 -5.894792 -6.484262 -8.62538 -7.773635 -7.735475 -14.294807
AG -8.168322 -9.087979 -0.526735 -6.00154 -10.314272 -14.294807 -4.776953 -10.739833 -8.735133 -6.839953 -5.006193 -6.869246 -7.268202 -9.37305 -5.783994 -11.279192 -14.294807
AU -5.212229 -2.462136 -6.00154 4.957013 -7.048895 -7.817891 0.404538 -5.680426 -7.826489 1.805408 -7.055478 0.190804 0.097234 -6.113882 -2.052132 -2.82695 -14.294807
CA -9.826979 -10.704977 -10.314272 -7.048895 -3.934324 -10.9495 -3.483671 -8.823264 -8.380435 -6.359602 -11.213789 -8.283995 -2.493953 -9.782922 -6.315052 -7.481823 -14.294807
CC -13.087183 -7.952069 -14.294807 -7.817891 -10.9495 -1.313388 -4.890236 -7.39989 -13.860404 -4.052486 -12.563236 -8.393916 -7.850435 -8.403666 -9.025587 -6.050432 -14.294807
CG -6.058507 -5.656127 -4.776953 0.404538 -3.483671 -4.890236 5.721511 -4.822643 -7.470039 0.980449 -4.783758 -1.353197 1.812708 -5.314898 0.872181 -4.100238 -14.294807
CU -12.18597 -11.353301 -10.739833 -5.680426 -8.823264 -7.39989 -4.822643 -0.950093 -8.734527 -6.938572 -12.091954 -6.515319 -5.640259 -4.948425 -7.704325 -5.904121 -14.294807
GA -5.644444 -10.57143 -8.735133 -7.826489 -8.380435 -13.860404 -7.470039 -8.734527 -0.641853 -5.899542 -9.74874 -6.196304 -6.406184 -8.229137 -8.402695 -13.47357 -14.294807
GC -5.05411 -3.690755 -6.839953 1.805408 -6.359602 -4.052486 0.980449 -6.938572 -5.899542 5.847059 -5.131777 0.722245 0.110361 -4.525135 -1.224752 -4.437115 -14.294807
GG -10.057324 -12.060409 -5.006193 -7.055478 -11.213789 -12.563236 -4.783758 -12.091954 -9.74874 -5.131777 -2.223614 -5.773623 -7.082744 -11.748412 -4.404356 -11.787359 -14.294807
GU -6.633372 -5.894792 -6.869246 0.190804 -8.283995 -8.393916 -1.353197 -6.515319 -6.196304 0.722245 -5.773623 3.704432 -2.067413 -4.581544 -2.760701 -5.024782 -14.294807
UA -4.858201 -6.484262 -7.268202 0.097234 -2.493953 -7.850435 1.812708 -5.640259 -6.406184 0.110361 -7.082744 -2.067413 5.182294 -4.226524 0.184508 -4.121802 -14.294807
UC -12.536467 -8.62538 -9.37305 -6.113882 -9.782922 -8.403666 -5.314898 -4.948425 -8.229137 -4.525135 -11.748412 -4.581544 -4.226524 -2.465441 -6.000397 -4.322994 -14.294807
UG -7.099028 -7.773635 -5.783994 -2.052132 -6.315052 -9.025587 0.872181 -7.704325 -8.402695 -1.224752 -4.404356 -2.760701 0.184508 -6.000397 3.655619 -4.92846 -14.294807
UU -8.221433 -7.735475 -11.279192 -2.82695 -7.481823 -6.050432 -4.100238 -5.904121 -13.47357 -4.437115 -11.787359 -5.024782 -4.121802 -4.322994 -4.92846 0.202042 -14.294807
NN -14.294807 -14.294807 -14.294807 -14.294807 -14.294807 -14.294807 -14.294807 -14.294807 -14.294807 -14.294807 -14.294807 -14.294807 -14.294807 -14.294807 -14.294807 -14.294807 -14.294807
