 AA AC AG AU CA CC CG CU GA GC GG GU UA UC UG UU NN
AA -0.946652 -8.30112 -8.247247 -5.093921 -10.026187 -13.406598 -5.638015 -11.609096 -6.107122 -4.864189 -10.378888 -6.58452 -4.742433 -13.011298 -6.446645 -8.034865 -14.663968
AC -8.30112 -0.850723 -8.912645 -2.15468 -9.823454 -8.299303 -5.412918 -10.796409 -10.767757 -3.523985 -11.366332 -5.734701 -6.162643 -8.571994 -7.511127 -7.593626 -14.663968
AG -8.247247 -8.912645 -0.620409 -5.99173 -11.148192 -14.663968 -4.601364 -9.227038 -8.997564 -6.560875 -4.925529 -6.900026 -6.802035 -8.499066 -5.32908 -10.67708 -14.663968
AU -5.093921 -2.15468 -5.99173 4.836166 -6.46664 -7.212486 0.963844 -5.82936 -7.212088 2.160935 -6.810505 0.337224 0.694711 -5.75466 -1.391606 -2.826721 -14.663968
CA -10.026187 -9.823454 -11.148192 -6.46664 -3.971952 -10.578234 -3.435937 -7.776565 -8.59406 -5.85072 -10.638933 -8.278907 -2.415914 -7.839707 -6.133666 -7.682345 -14.663968
CC -13.406598 -8.299303 -14.663968 -7.212486 -10.578234 -1.513713 -5.041213 -6.047996 -11.291513 -3.766969 -10.872246 -7.803882 -7.057576 -8.202569 -8.377899 -6.032733 -14.663968
CG -5.638015 -5.412918 -4.601364 0.963844 -3.435937 -5.041213 5.624635 -4.810476 -6.898129 1.513694 -4.439115 -1.007469 2.15505 -4.834356 1.021794 -3.831125 -14.663968
CU -11.609096 -10.796409 -9.227038 -5.82936 -7.776565 -6.047996 -4.810476 -1.073335 -6.817145 -6.555196 -12.673945 -6.622183 -4.755287 -4.749965 -7.812017 -4.451747 -14.663968
GA -6.107122 -10.767757 -8.997564 -7.212088 -8.59406 -11.291513 -6.898129 -6.817145 -0.690748 -5.473036 -9.428438 -6.416607 -5.982571 -6.651136 -7.657508 -11.885527 -14.663968
GC -4.864189 -3.523985 -6.560875 2.160935 -5.85072 -3.766969 1.513694 -6.555196 -5.473036 5.782272 -4.988433 0.966461 0.728593 -4.558018 -0.633866 -4.264496 -14.663968
GG -10.378888 -11.366332 -4.925529 -6.810505 -10.638933 -10.872246 -4.439115 -12.673945 -9.428438 -4.988433 -2.200742 -5.825546 -6.467277 -11.80006 -4.089451 -11.734257 -14.663968
GU -6.58452 -5.734701 -6.900026 0.337224 -8.278907 -7.803882 -1.007469 -6.622183 -6.416607 0.966461 -5.825546 3.616727 -1.52738 -5.013474 -2.472229 -4.785589 -14.663968
UA -4.742433 -6.162643 -6.802035 0.694711 -2.415914 -7.057576 2.15505 -4.755287 -5.982571 0.728593 -6.467277 -1.52738 5.1016 -3.401976 0.569684 -3.926774 -14.663968
UC -13.011298 -8.571994 -8.499066 -5.75466 -7.839707 -8.202569 -4.834356 -4.749965 -6.651136 -4.558018 -11.80006 -5.013474 -3.401976 -3.107769 -5.726571 -4.595881 -14.663968
UG -6.446645 -7.511127 -5.32908 -1.391606 -6.133666 -8.377899 1.021794 -7.812017 -7.657508 -0.633866 -4.089451 -2.472229 0.569684 -5.726571 3.55092 -4.442048 -14.663968
UU -8.034865 -7.593626 -10.67708 -2.826721 -7.682345 -6.032733 -3.831125 -4.451747 -11.885527 -4.264496 -11.734257 -4.785589 -3.926774 -4.595881 -4.442048 0.080549 -14.663968
NN -14.663968 -14.663968 -14.663968 -14.663968 -14.663968 -14.663968 -14.663968 -14.663968 -14.663968 -14.663968 -14.663968 -14.663968 -14.663968 -14.663968 -14.663968 -14.663968 -14.663968
