 AA AC AG AU CA CC CG CU GA GC GG GU UA UC UG UU NN
AA -0.80182 -8.843394 -8.258235 -5.244054 -9.915086 -13.127651 -6.100782 -12.271835 -5.734357 -5.096385 -10.101405 -6.721044 -4.873082 -12.622332 -7.1867 -8.352695 -14.289443
AC -8.843394 -0.601327 -9.130254 -2.548001 -10.745445 -7.944898 -5.650763 -11.391527 -10.613704 -3.552533 -12.056852 -5.934825 -6.427959 -8.663607 -7.813669 -7.819099 -14.289443
AG -8.258235 -9.130254 -0.569719 -6.011448 -10.356547 -14.289443 -4.773396 -10.779866 -8.779214 -6.836396 -5.004443 -6.911086 -7.355874 -9.413084 -5.825834 -11.364622 -14.289443
AU -5.244054 -2.548001 -6.011448 4.942 -7.13476 -7.856118 0.364505 -5.76405 -7.914161 1.766578 -7.097318 0.13068 -0.004187 -6.078289 -2.137563 -2.94436 -14.289443
CA -9.915086 -10.745445 -10.356547 -7.13476 -3.974792 -10.942329 -3.478307 -8.169579 -8.42271 -6.354238 -11.210232 -8.324028 -2.566956 -9.821148 -6.355085 -7.565447 -14.289443
CC -13.127651 -7.944898 -14.289443 -7.856118 -10.942329 -1.258579 -4.837234 -7.390478 -13.85504 -3.999484 -12.51204 -8.38631 -7.888661 -8.394254 -9.017982 -6.086417 -14.289443
CG -6.100782 -5.650763 -4.773396 0.364505 -3.478307 -4.837234 5.787467 -4.815037 -7.466482 1.031911 -4.734369 -1.34617 1.775381 -5.307293 0.878768 -4.13803 -14.289443
CU -12.271835 -11.391527 -10.779866 -5.76405 -8.169579 -7.390478 -4.815037 -0.983034 -8.77456 -6.930967 -12.086156 -6.553111 -5.723882 -4.98441 -7.742117 -5.985503 -14.289443
GA -5.734357 -10.613704 -8.779214 -7.914161 -8.42271 -13.85504 -7.466482 -8.77456 -0.685935 -5.895985 -9.74699 -6.208416 -6.493855 -8.26917 -8.444535 -13.559 -14.289443
GC -5.096385 -3.552533 -6.836396 1.766578 -6.354238 -3.999484 1.031911 -6.930967 -5.895985 5.914743 -4.963516 0.732606 0.070327 -4.51753 -1.218954 -4.474906 -14.289443
GG -10.101405 -12.056852 -5.004443 -7.097318 -11.210232 -12.51204 -4.734369 -12.086156 -9.74699 -4.963516 -2.167833 -5.750098 -7.124584 -11.742614 -4.400365 -11.826958 -14.289443
GU -6.721044 -5.934825 -6.911086 0.13068 -8.324028 -8.38631 -1.34617 -6.553111 -6.208416 0.732606 -5.750098 3.694343 -2.14514 -4.619335 -2.800299 -5.061778 -14.289443
UA -4.873082 -6.427959 -7.355874 -0.004187 -2.566956 -7.888661 1.775381 -5.723882 -6.493855 0.070327 -7.124584 -2.14514 5.15602 -4.272916 0.115346 -4.2225 -14.289443
UC -12.622332 -8.663607 -9.413084 -6.078289 -9.821148 -8.394254 -5.307293 -4.98441 -8.26917 -4.51753 -11.742614 -4.619335 -4.272916 -2.19618 -5.871864 -4.389994 -14.289443
UG -7.1867 -7.813669 -5.825834 -2.137563 -6.355085 -9.017982 0.878768 -7.742117 -8.444535 -1.218954 -4.400365 -2.800299 0.115346 -5.871864 3.638461 -5.011649 -14.289443
UU -8.352695 -7.819099 -11.364622 -2.94436 -7.565447 -6.086417 -4.13803 -5.985503 -13.559 -4.474906 -11.826958 -5.061778 -4.2225 -4.389994 -5.011649 0.154667 -14.289443
NN -14.289443 -14.289443 -14.289443 -14.289443 -14.289443 -14.289443 -14.289443 -14.289443 -14.289443 -14.289443 -14.289443 -14.289443 -14.289443 -14.289443 -14.289443 -14.289443 -14.289443
