 AA AC AG AU CA CC CG CU GA GC GG GU UA UC UG UU NN
AA -3.609768 -6.506127 -9.407411 -4.45552 -10.196147 -12.957845 -3.612297 -12.299993 -7.53875 -5.259791 -8.518239 -5.719622 -3.004502 -12.472854 -3.871419 -8.876289 -13.618086
AC -6.506127 -1.76828 -9.668582 -1.650819 -9.706311 -7.719248 -4.80044 -9.714018 -7.033054 -2.895015 -9.841058 -4.010698 -3.973166 -8.558313 -6.210116 -8.183077 -13.618086
AG -9.407411 -9.668582 -1.926008 -4.949787 -10.336261 -13.618086 -2.219731 -10.83067 -8.18313 -4.9858 -4.452393 -6.631694 -2.69682 -9.189024 -5.644825 -8.588759 -13.618086
AU -4.45552 -1.650819 -4.949787 3.948389 -4.961209 -2.726618 2.276094 -3.575351 -3.725285 3.111346 -4.5258 0.87114 2.006311 -3.870156 -0.129079 -2.47856 -13.618086
CA -10.196147 -9.706311 -10.336261 -4.961209 -5.744272 -9.757999 -2.599841 -8.336976 -6.881686 -4.397932 -10.397496 -5.487174 -2.8481 -7.558257 -5.770111 -9.03904 -13.618086
CC -12.957845 -7.719248 -13.618086 -2.726618 -9.757999 -3.979454 -4.065226 -5.568591 -10.365318 -2.839723 -10.780039 -5.869794 -4.796035 -7.274689 -6.604395 -5.308607 -13.618086
CG -3.612297 -4.80044 -2.219731 2.276094 -2.599841 -4.065226 5.202425 -4.322772 -4.520574 3.03068 -4.308384 0.463874 3.149964 -4.279786 1.466066 -2.661019 -13.618086
CU -12.299993 -9.714018 -10.83067 -3.575351 -8.336976 -5.568591 -4.322772 -3.347842 -8.136176 -2.436134 -8.333549 -4.232396 -3.972411 -4.987949 -5.68118 -5.90098 -13.618086
GA -7.53875 -7.033054 -8.18313 -3.725285 -6.881686 -10.365318 -4.520574 -8.136176 -1.955531 -2.430183 -8.340807 -5.355824 -4.109708 -7.577348 -6.921068 -9.438206 -13.618086
GC -5.259791 -2.895015 -4.9858 3.111346 -4.397932 -2.839723 3.03068 -2.436134 -2.430183 5.51947 -3.752757 1.682482 2.325969 -3.73794 0.630552 -2.482264 -13.618086
GG -8.518239 -9.841058 -4.452393 -4.5258 -10.397496 -10.780039 -4.308384 -8.333549 -8.340807 -3.752757 -2.240185 -5.172784 -5.306015 -10.301192 -4.364913 -5.96338 -13.618086
GU -5.719622 -4.010698 -6.631694 0.87114 -5.487174 -5.869794 0.463874 -4.232396 -5.355824 1.682482 -5.172784 3.108453 0.216794 -4.728122 -1.19921 -3.033035 -13.618086
UA -3.004502 -3.973166 -2.69682 2.006311 -2.8481 -4.796035 3.149964 -3.972411 -4.109708 2.325969 -5.306015 0.216794 4.424326 -3.416278 1.202781 -1.728493 -13.618086
UC -12.472854 -8.558313 -9.189024 -3.870156 -7.558257 -7.274689 -4.279786 -4.987949 -7.577348 -3.73794 -10.301192 -4.728122 -3.416278 -4.71665 -3.949829 -6.959713 -13.618086
UG -3.871419 -6.210116 -5.644825 -0.129079 -5.770111 -6.604395 1.466066 -5.68118 -6.921068 0.630552 -4.364913 -1.19921 1.202781 -3.949829 2.974949 -3.158729 -13.618086
UU -8.876289 -8.183077 -8.588759 -2.47856 -9.03904 -5.308607 -2.661019 -5.90098 -9.438206 -2.482264 -5.96338 -3.033035 -1.728493 -6.959713 -3.158729 -1.300781 -13.618086
NN -13.618086 -13.618086 -13.618086 -13.618086 -13.618086 -13.618086 -13.618086 -13.618086 -13.618086 -13.618086 -13.618086 -13.618086 -13.618086 -13.618086 -13.618086 -13.618086 -13.618086
