 AA AC AG AU CA CC CG CU GA GC GG GU UA UC UG UU NN
AA -1.996203 -8.509181 -8.538128 -4.636643 -9.765752 -13.993348 -5.083244 -11.950357 -6.367744 -4.769461 -9.618031 -6.2512 -4.5767 -11.443597 -6.268756 -8.890013 -14.576912
AC -8.509181 -1.932534 -8.964844 -2.115515 -9.771878 -9.283184 -5.888226 -10.916934 -10.1837 -3.755886 -12.183723 -5.754018 -5.798289 -8.61141 -7.49277 -7.842956 -14.576912
AG -8.538128 -8.964844 -0.64151 -5.755007 -10.25136 -14.576912 -4.795707 -9.052588 -9.603078 -6.264078 -5.533864 -6.915744 -6.486202 -8.129102 -5.686124 -10.304754 -14.576912
AU -4.636643 -2.115515 -5.755007 4.610288 -5.967468 -7.009503 1.467121 -5.577459 -6.081915 2.547338 -5.927983 0.450907 1.448752 -5.28428 -0.730925 -3.125287 -14.576912
CA -9.765752 -9.771878 -10.25136 -5.967468 -5.449118 -11.407604 -3.848759 -7.624843 -8.506143 -6.227744 -11.962045 -8.3482 -2.622564 -7.149543 -6.165822 -8.296317 -14.576912
CC -13.993348 -9.283184 -14.576912 -7.009503 -11.407604 -2.887442 -5.490706 -6.39794 -13.498903 -4.04761 -11.780969 -8.132233 -7.447429 -7.867216 -8.814458 -5.98161 -14.576912
CG -5.083244 -5.888226 -4.795707 1.467121 -3.848759 -5.490706 5.456406 -4.831712 -6.394216 1.797221 -4.571803 -0.609862 2.569559 -4.57089 1.16358 -4.002071 -14.576912
CU -11.950357 -10.916934 -9.052588 -5.577459 -7.624843 -6.39794 -4.831712 -1.835055 -7.071963 -5.965612 -13.36595 -6.402741 -4.389211 -3.806068 -7.761653 -4.583161 -14.576912
GA -6.367744 -10.1837 -9.603078 -6.081915 -8.506143 -13.498903 -6.394216 -7.071963 -0.968197 -5.354635 -9.204161 -6.529824 -6.045142 -6.531854 -7.509686 -11.830258 -14.576912
GC -4.769461 -3.755886 -6.264078 2.547338 -6.227744 -4.04761 1.797221 -5.965612 -5.354635 5.678843 -4.657931 1.015731 1.310758 -4.800976 -0.263943 -4.290799 -14.576912
GG -9.618031 -12.183723 -5.533864 -5.927983 -11.962045 -11.780969 -4.571803 -13.36595 -9.204161 -4.657931 -1.984638 -5.80773 -6.167332 -11.368088 -4.146665 -11.073634 -14.576912
GU -6.2512 -5.754018 -6.915744 0.450907 -8.3482 -8.132233 -0.609862 -6.402741 -6.529824 1.015731 -5.80773 3.565527 -0.79631 -5.528064 -2.228649 -5.03698 -14.576912
UA -4.5767 -5.798289 -6.486202 1.448752 -2.622564 -7.447429 2.569559 -4.389211 -6.045142 1.310758 -6.167332 -0.79631 5.055064 -2.99271 0.984794 -3.602892 -14.576912
UC -11.443597 -8.61141 -8.129102 -5.28428 -7.149543 -7.867216 -4.57089 -3.806068 -6.531854 -4.800976 -11.368088 -5.528064 -2.99271 -3.146625 -4.908798 -5.22772 -14.576912
UG -6.268756 -7.49277 -5.686124 -0.730925 -6.165822 -8.814458 1.16358 -7.761653 -7.509686 -0.263943 -4.146665 -2.228649 0.984794 -4.908798 3.447856 -4.624644 -14.576912
UU -8.890013 -7.842956 -10.304754 -3.125287 -8.296317 -5.98161 -4.002071 -4.583161 -11.830258 -4.290799 -11.073634 -5.03698 -3.602892 -5.22772 -4.624644 0.127511 -14.576912
NN -14.576912 -14.576912 -14.576912 -14.576912 -14.576912 -14.576912 -14.576912 -14.576912 -14.576912 -14.576912 -14.576912 -14.576912 -14.576912 -14.576912 -14.576912 -14.576912 -14.576912
