 AA AC AG AU CA CC CG CU GA GC GG GU UA UC UG UU NN
AA -0.587752 -8.745399 -8.041608 -5.261993 -9.599949 -12.933034 -6.07126 -12.141033 -6.175846 -5.096408 -10.104386 -6.740726 -4.953177 -12.525989 -7.271419 -8.281121 -14.119482
AC -8.745399 -0.288177 -9.071129 -2.420266 -10.620973 -7.720724 -5.450976 -11.106671 -10.976685 -3.372292 -11.896193 -5.770243 -6.492404 -8.618454 -7.763834 -7.664206 -14.119482
AG -8.041608 -9.071129 -0.563773 -5.939305 -10.693471 -14.119482 -4.66647 -11.193216 -8.077394 -6.755974 -4.809972 -7.047053 -7.398264 -9.925874 -5.844733 -11.319161 -14.119482
AU -5.261993 -2.420266 -5.939305 4.960307 -7.138914 -7.602205 0.203662 -5.664831 -7.957599 1.638259 -7.089397 0.119047 -0.297321 -6.041833 -2.389529 -2.882534 -14.119482
CA -9.599949 -10.620973 -10.693471 -7.138914 -2.910443 -10.28274 -3.290492 -8.566928 -8.630777 -6.053625 -9.743368 -8.249388 -2.449435 -9.092574 -6.263356 -7.4233 -14.119482
CC -12.933034 -7.720724 -14.119482 -7.602205 -10.28274 -0.836416 -4.830329 -6.813151 -11.827215 -3.76947 -12.350689 -8.032314 -7.036289 -8.221825 -8.39074 -5.95114 -14.119482
CG -6.07126 -5.450976 -4.66647 0.203662 -3.290492 -4.830329 5.82469 -4.760926 -7.384166 0.983343 -4.667589 -1.408716 1.644969 -5.398487 0.843098 -4.142786 -14.119482
CU -12.141033 -11.106671 -11.193216 -5.664831 -8.566928 -6.813151 -4.760926 -0.783104 -9.328597 -6.799308 -11.928014 -6.477237 -5.634874 -5.455651 -7.754456 -5.906277 -14.119482
GA -6.175846 -10.976685 -8.077394 -7.957599 -8.630777 -11.827215 -7.384166 -9.328597 -0.520298 -5.723248 -9.145035 -6.034239 -6.400151 -8.845955 -8.224025 -13.531546 -14.119482
GC -5.096408 -3.372292 -6.755974 1.638259 -6.053625 -3.76947 0.983343 -6.799308 -5.723248 5.941168 -4.796418 0.764537 -0.089705 -4.300947 -1.307251 -4.332901 -14.119482
GG -10.104386 -11.896193 -4.809972 -7.089397 -9.743368 -12.350689 -4.667589 -11.928014 -9.145035 -4.796418 -2.136389 -5.563312 -6.736699 -11.854178 -4.310499 -11.951112 -14.119482
GU -6.740726 -5.770243 -7.047053 0.119047 -8.249388 -8.032314 -1.408716 -6.477237 -6.034239 0.764537 -5.563312 3.708901 -2.351695 -4.465197 -2.945342 -4.82648 -14.119482
UA -4.953177 -6.492404 -7.398264 -0.297321 -2.449435 -7.036289 1.644969 -5.634874 -6.400151 -0.089705 -6.736699 -2.351695 5.13307 -4.430418 0.030298 -4.246788 -14.119482
UC -12.525989 -8.618454 -9.925874 -6.041833 -9.092574 -8.221825 -5.398487 -5.455651 -8.845955 -4.300947 -11.854178 -4.465197 -4.430418 -2.359132 -6.29423 -4.323864 -14.119482
UG -7.271419 -7.763834 -5.844733 -2.389529 -6.263356 -8.39074 0.843098 -7.754456 -8.224025 -1.307251 -4.310499 -2.945342 0.030298 -6.29423 3.656127 -4.93664 -14.119482
UU -8.281121 -7.664206 -11.319161 -2.882534 -7.4233 -5.95114 -4.142786 -5.906277 -13.531546 -4.332901 -11.951112 -4.82648 -4.246788 -4.323864 -4.93664 0.162305 -14.119482
NN -14.119482 -14.119482 -14.119482 -14.119482 -14.119482 -14.119482 -14.119482 -14.119482 -14.119482 -14.119482 -14.119482 -14.119482 -14.119482 -14.119482 -14.119482 -14.119482 -14.119482
