 AA AC AG AU CA CC CG CU GA GC GG GU UA UC UG UU NN
AA -1.822715 -7.978265 -8.13379 -4.682922 -9.614907 -14.35269 -5.070437 -11.930841 -6.101455 -4.762036 -9.665915 -6.333028 -4.640705 -11.989097 -6.233162 -8.602433 -14.72513
AC -7.978265 -1.781372 -9.247331 -2.081242 -10.000647 -9.221381 -5.847379 -10.974331 -10.244131 -3.805543 -12.319802 -5.195845 -5.85969 -8.590093 -7.383147 -7.988919 -14.72513
AG -8.13379 -9.247331 -0.64559 -5.869242 -10.600594 -14.72513 -4.803926 -8.892235 -9.063822 -6.301238 -5.510077 -6.916683 -5.945124 -8.285338 -5.772646 -10.587689 -14.72513
AU -4.682922 -2.081242 -5.869242 4.628931 -6.087508 -6.916338 1.481134 -5.62221 -6.023192 2.551366 -6.177627 0.449773 1.395219 -5.463142 -0.710506 -3.065074 -14.72513
CA -9.614907 -10.000647 -10.600594 -6.087508 -5.515194 -11.29546 -3.891095 -7.66244 -8.616645 -6.036498 -11.364716 -8.282968 -2.641194 -7.360217 -6.24544 -8.314929 -14.72513
CC -14.35269 -9.221381 -14.72513 -6.916338 -11.29546 -2.744232 -5.311745 -6.174518 -13.664248 -4.074742 -12.371971 -8.058637 -7.259221 -8.362875 -8.796293 -6.044085 -14.72513
CG -5.070437 -5.847379 -4.803926 1.481134 -3.891095 -5.311745 5.439388 -4.915828 -6.495948 1.840236 -4.543365 -0.537319 2.550516 -4.630368 1.162945 -3.827974 -14.72513
CU -11.930841 -10.974331 -8.892235 -5.62221 -7.66244 -6.174518 -4.915828 -1.795041 -6.581356 -6.152223 -13.463047 -6.061824 -4.349887 -3.910663 -7.764972 -4.667447 -14.72513
GA -6.101455 -10.244131 -9.063822 -6.023192 -8.616645 -13.664248 -6.495948 -6.581356 -0.925705 -5.266697 -9.58276 -6.558162 -6.056638 -6.350703 -7.725912 -11.747198 -14.72513
GC -4.762036 -3.805543 -6.301238 2.551366 -6.036498 -4.074742 1.840236 -6.152223 -5.266697 5.65022 -4.726982 1.06151 1.318185 -4.848044 -0.215478 -4.242067 -14.72513
GG -9.665915 -12.319802 -5.510077 -6.177627 -11.364716 -12.371971 -4.543365 -13.463047 -9.58276 -4.726982 -2.109446 -5.773294 -6.240276 -11.837687 -4.17615 -11.746062 -14.72513
GU -6.333028 -5.195845 -6.916683 0.449773 -8.282968 -8.058637 -0.537319 -6.061824 -6.558162 1.06151 -5.773294 3.560793 -0.837637 -5.29042 -2.13446 -4.98553 -14.72513
UA -4.640705 -5.85969 -5.945124 1.395219 -2.641194 -7.259221 2.550516 -4.349887 -6.056638 1.318185 -6.240276 -0.837637 5.054737 -3.013359 0.990296 -3.65133 -14.72513
UC -11.989097 -8.590093 -8.285338 -5.463142 -7.360217 -8.362875 -4.630368 -3.910663 -6.350703 -4.848044 -11.837687 -5.29042 -3.013359 -3.364009 -4.970192 -5.134174 -14.72513
UG -6.233162 -7.383147 -5.772646 -0.710506 -6.24544 -8.796293 1.162945 -7.764972 -7.725912 -0.215478 -4.17615 -2.13446 0.990296 -4.970192 3.447329 -4.369857 -14.72513
UU -8.602433 -7.988919 -10.587689 -3.065074 -8.314929 -6.044085 -3.827974 -4.667447 -11.747198 -4.242067 -11.746062 -4.98553 -3.65133 -5.134174 -4.369857 0.093297 -14.72513
NN -14.72513 -14.72513 -14.72513 -14.72513 -14.72513 -14.72513 -14.72513 -14.72513 -14.72513 -14.72513 -14.72513 -14.72513 -14.72513 -14.72513 -14.72513 -14.72513 -14.72513
