 AA AC AG AU CA CC CG CU GA GC GG GU UA UC UG UU NN
AA -3.192807 -8.785316 -9.189726 -5.444643 -10.422871 -11.679325 -3.967217 -12.541322 -6.989942 -3.985901 -9.754585 -6.556205 -2.337888 -12.710673 -3.979341 -9.569776 -15.075985
AC -8.785316 -1.98642 -9.741773 -2.052325 -10.677309 -8.766747 -5.267154 -10.8806 -7.318477 -2.593906 -10.313234 -5.11987 -3.717623 -9.091218 -7.362247 -8.88169 -15.075985
AG -9.189726 -9.741773 -1.473487 -6.041873 -10.791539 -15.075985 -2.490996 -9.576619 -9.552176 -5.961794 -4.159505 -7.29132 -2.078375 -8.224191 -6.04231 -10.280822 -15.075985
AU -5.444643 -2.052325 -6.041873 3.655174 -5.104982 -2.557535 2.431645 -4.603985 -4.204637 3.074804 -5.086151 0.805131 1.838481 -4.984872 0.148131 -3.217541 -15.075985
CA -10.422871 -10.677309 -10.791539 -5.104982 -6.337675 -11.598236 -3.143083 -8.464386 -7.889779 -4.877317 -11.409072 -6.256774 -3.196787 -8.222642 -6.399338 -9.350924 -15.075985
CC -11.679325 -8.766747 -15.075985 -2.557535 -11.598236 -3.123265 -4.744175 -6.812219 -12.796674 -3.426472 -11.753482 -7.033515 -6.282831 -8.924339 -8.288495 -6.919302 -15.075985
CG -3.967217 -5.267154 -2.490996 2.431645 -3.143083 -4.744175 5.543079 -4.355972 -5.945567 3.232579 -4.398841 0.535881 3.290507 -4.309849 1.361047 -3.287382 -15.075985
CU -12.541322 -10.8806 -9.576619 -4.603985 -8.464386 -6.812219 -4.355972 -2.82652 -7.33552 -2.161344 -9.145055 -4.674493 -4.739122 -4.926774 -6.742357 -6.002638 -15.075985
GA -6.989942 -7.318477 -9.552176 -4.204637 -7.889779 -12.796674 -5.945567 -7.33552 -1.769895 -2.491068 -9.834074 -6.400486 -5.207565 -7.164635 -7.834929 -10.667102 -15.075985
GC -3.985901 -2.593906 -5.961794 3.074804 -4.877317 -3.426472 3.232579 -2.161344 -2.491068 5.818776 -4.485036 1.522053 2.27141 -4.132227 0.440108 -3.313358 -15.075985
GG -9.754585 -10.313234 -4.159505 -5.086151 -11.409072 -11.753482 -4.398841 -9.145055 -9.834074 -4.485036 -2.023864 -5.539682 -6.238634 -10.545181 -4.3458 -5.311038 -15.075985
GU -6.556205 -5.11987 -7.29132 0.805131 -6.256774 -7.033515 0.535881 -4.674493 -6.400486 1.522053 -5.539682 3.062561 0.465549 -4.873519 -1.471713 -3.118834 -15.075985
UA -2.337888 -3.717623 -2.078375 1.838481 -3.196787 -6.282831 3.290507 -4.739122 -5.207565 2.27141 -6.238634 0.465549 4.192527 -3.940146 0.959424 -2.323334 -15.075985
UC -12.710673 -9.091218 -8.224191 -4.984872 -8.222642 -8.924339 -4.309849 -4.926774 -7.164635 -4.132227 -10.545181 -4.873519 -3.940146 -4.385678 -4.470513 -6.470096 -15.075985
UG -3.979341 -7.362247 -6.04231 0.148131 -6.399338 -8.288495 1.361047 -6.742357 -7.834929 0.440108 -4.3458 -1.471713 0.959424 -4.470513 2.900141 -4.207486 -15.075985
UU -9.569776 -8.88169 -10.280822 -3.217541 -9.350924 -6.919302 -3.287382 -6.002638 -10.667102 -3.313358 -5.311038 -3.118834 -2.323334 -6.470096 -4.207486 -1.577848 -15.075985
NN -15.075985 -15.075985 -15.075985 -15.075985 -15.075985 -15.075985 -15.075985 -15.075985 -15.075985 -15.075985 -15.075985 -15.075985 -15.075985 -15.075985 -15.075985 -15.075985 -15.075985
