 AA AC AG AU CA CC CG CU GA GC GG GU UA UC UG UU NN
AA -3.341525 -7.483124 -8.649236 -4.566202 -9.554447 -12.855579 -3.692613 -12.512115 -7.492891 -5.203798 -8.740012 -5.988703 -2.63828 -11.713546 -3.794785 -8.657717 -14.402681
AC -7.483124 -2.087523 -9.410681 -1.646732 -10.018733 -8.78604 -5.059052 -10.067477 -7.558015 -2.846465 -10.11189 -4.462955 -4.744943 -8.845539 -6.738247 -8.257355 -14.402681
AG -8.649236 -9.410681 -1.494272 -5.338081 -10.426138 -14.402681 -2.51876 -9.182133 -8.797339 -5.61421 -4.551412 -6.831693 -2.818105 -8.116417 -5.851343 -9.732234 -14.402681
AU -4.566202 -1.646732 -5.338081 4.086328 -5.245251 -2.734679 2.155063 -3.970336 -3.753901 2.989497 -4.561516 0.786789 1.952772 -4.168158 -0.241223 -2.430018 -14.402681
CA -9.554447 -10.018733 -10.426138 -5.245251 -5.859115 -10.62061 -2.822493 -8.78059 -7.278372 -5.026927 -11.278835 -6.064323 -2.654987 -7.662631 -5.84363 -9.062325 -14.402681
CC -12.855579 -8.78604 -14.402681 -2.734679 -10.62061 -4.2854 -4.827415 -6.351984 -11.33161 -3.33632 -11.360721 -6.747424 -5.76766 -8.028511 -7.673518 -6.051992 -14.402681
CG -3.692613 -5.059052 -2.51876 2.155063 -2.822493 -4.827415 5.200797 -4.486861 -5.31613 2.915297 -4.545974 0.354126 3.060533 -4.344482 1.337817 -3.026648 -14.402681
CU -12.512115 -10.067477 -9.182133 -3.970336 -8.78059 -6.351984 -4.486861 -3.097882 -8.268658 -2.27912 -9.348154 -4.4904 -4.501657 -4.622671 -6.418153 -5.991058 -14.402681
GA -7.492891 -7.558015 -8.797339 -3.753901 -7.278372 -11.33161 -5.31613 -8.268658 -1.765863 -2.584991 -8.652009 -6.130683 -4.678903 -7.291487 -7.596956 -10.236993 -14.402681
GC -5.203798 -2.846465 -5.61421 2.989497 -5.026927 -3.33632 2.915297 -2.27912 -2.584991 5.508701 -4.172038 1.508215 2.125195 -3.810415 0.438978 -2.713084 -14.402681
GG -8.740012 -10.11189 -4.551412 -4.561516 -11.278835 -11.360721 -4.545974 -9.348154 -8.652009 -4.172038 -2.066924 -5.473967 -5.775815 -10.401265 -4.361941 -5.426092 -14.402681
GU -5.988703 -4.462955 -6.831693 0.786789 -6.064323 -6.747424 0.354126 -4.4904 -6.130683 1.508215 -5.473967 3.229094 0.124514 -4.732806 -1.304883 -2.821642 -14.402681
UA -2.63828 -4.744943 -2.818105 1.952772 -2.654987 -5.76766 3.060533 -4.501657 -4.678903 2.125195 -5.775815 0.124514 4.601383 -3.409843 1.111924 -1.711523 -14.402681
UC -11.713546 -8.845539 -8.116417 -4.168158 -7.662631 -8.028511 -4.344482 -4.622671 -7.291487 -3.810415 -10.401265 -4.732806 -3.409843 -4.007774 -4.218631 -6.819524 -14.402681
UG -3.794785 -6.738247 -5.851343 -0.241223 -5.84363 -7.673518 1.337817 -6.418153 -7.596956 0.438978 -4.361941 -1.304883 1.111924 -4.218631 3.106969 -3.642914 -14.402681
UU -8.657717 -8.257355 -9.732234 -2.430018 -9.062325 -6.051992 -3.026648 -5.991058 -10.236993 -2.713084 -5.426092 -2.821642 -1.711523 -6.819524 -3.642914 -0.931188 -14.402681
NN -14.402681 -14.402681 -14.402681 -14.402681 -14.402681 -14.402681 -14.402681 -14.402681 -14.402681 -14.402681 -14.402681 -14.402681 -14.402681 -14.402681 -14.402681 -14.402681 -14.402681
